1	57 
2	104 
3	142 
4	138 
5	134 
6	125 
7	144 
8	27 
9	115 
10	107 
11	69 
12	59 
13	80 
14	51 53 
15	91 
16	126 
17	127 
18	109 
19	21 
20	53 73 
21	73 
22	71 
23	81 
24	103 
25	1 
26	125 145 
27	144 
28	94 
29	72 
30	95 
31	133 
32	6 
33	52 
34	51 
35	123 
36	99 
37	48 
38	110 
39	121 
40	90 
41	77 119 
42	107 
43	94 
44	45 
45	137 
46	91 
47	7 42 
48	101 
49	47 
50	124 
51	133 
52	32 
53	71 
54	22 
55	86 
56	19 
57	57 96 
58	8 
59	133 
60	58 
61	96 
62	64 144 
63	52 
64	54 
65	103 
66	100 
67	2 
68	70 107 
69	103 110 
70	36 119 
71	79 
72	74 
73	38 126 
74	85 
75	69 
76	24 
77	44 
78	88 
79	125 
80	53 73 
81	26 
82	44 
83	140 
84	43 
85	18 
86	52 
87	18 
88	16 
89	37 
90	14 
91	45 
92	108 
93	91 
94	19 
95	21 
96	3 
97	44 
98	48 
99	76 126 
100	111 
101	30 70 
102	69 
103	86 
104	108 
105	146 
106	45 
107	139 
108	48 
109	144 
110	54 95 
111	110 
112	92 
113	148 
114	24 
115	56 
116	94 
117	80 
118	133 
119	48 
120	114 
121	142 
122	26 
123	114 
124	12 
125	62 
126	124 
127	49 102 
128	118 
129	7 
130	32 
131	18 
132	71 89 
133	93 
134	95 
135	110 
136	80 
137	57 
138	85 
139	106 
140	110 
141	142 
142	125 
143	19 
144	121 
145	60 
146	145 
147	44 
148	99 
149	121 
150	57 
151	104 
152	52 
153	142 
154	50 
155	53 
156	73 
157	51 
158	133 
159	112 
160	94 
161	1 
162	43 
163	110 
164	128 
165	148 
166	51 
167	137 
168	52 110 
169	1 24 
170	14 109 
171	68 
172	96 
173	142 
174	6 
175	115 119 
176	1 
177	26 
178	7 18 
179	7 
180	19 68 
181	144 
182	93 
183	71 
184	113 
185	86 
186	65 110 
187	83 
188	118 
189	79 
190	63 142 
191	133 
192	53 
193	28 70 
194	96 
195	44 
196	44 
197	74 
198	8 
199	109 
200	7 
201	99 
202	19 
203	21 
204	2 
205	31 
206	125 
207	113 
208	121 
209	98 
210	22 
211	64 
212	3 
213	57 
214	144 
215	77 
216	142 
217	52 64 
218	68 
219	26 
220	13 
221	51 
222	5 
223	42 
224	5 
225	64 
226	65 
227	111 
228	22 
229	43 
230	49 
231	29 
232	104 
233	48 148 
234	31 121 
235	24 
236	3 
237	112 
238	43 
239	125 
240	25 
241	114 
242	141 
243	45 
244	148 
245	110 
246	2 
247	101 
248	122 
249	131 
250	96 116 
251	77 
252	130 
253	123 
254	33 
255	3 7 
256	126 
257	119 
258	125 
259	134 
260	135 
261	133 
262	11 
263	54 
264	58 
265	40 
266	135 
267	61 71 
268	100 
269	58 
270	71 
271	6 
272	93 
273	15 
274	124 
275	125 137 
276	96 
277	147 
278	47 
279	30 
280	2 100 
281	125 
282	125 
283	51 
284	103 
285	144 
286	131 
287	126 
288	40 91 
289	121 
290	30 
291	19 
292	92 
293	54 
294	21 123 
295	52 
296	122 
297	103 
298	68 
299	9 
300	5 
301	6 
302	72 
303	41 
304	55 71 
305	53 146 
306	64 
307	51 
308	122 
309	88 
310	49 
311	35 
312	91 
313	86 
314	89 
315	144 
316	4 
317	83 
318	121 
319	146 
320	27 
321	25 
322	137 
323	7 
324	65 121 
325	70 
326	110 
327	54 
328	145 
329	134 
330	142 
331	114 
332	80 
333	72 103 
334	132 
335	79 
336	105 
337	2 
338	61 
339	4 
340	101 
341	118 
342	87 
343	54 
344	1 2 
345	49 103 
346	53 
347	96 
348	98 
349	31 37 
350	64 
351	98 
352	53 
353	64 
354	54 124 
355	99 
356	148 
357	99 130 
358	98 
359	54 
360	142 
361	132 
362	137 
363	12 
364	17 
365	5 
366	38 
367	44 
368	103 
369	38 
370	46 
371	65 
372	17 
373	64 
374	30 
375	51 
376	145 
377	54 
378	12 
379	33 
380	85 
381	22 
382	77 
383	144 
384	24 
385	51 
386	46 
387	68 
388	145 
389	144 
390	71 
391	141 
392	54 
393	109 
394	92 
395	19 
396	57 
397	96 
398	75 80 
399	141 
400	139 
401	126 
402	73 
403	131 
404	18 19 
405	148 
406	30 
407	23 
408	31 127 
409	83 
410	74 
411	5 
412	71 81 
413	24 
414	1 
415	23 
416	144 
417	145 
418	37 
419	26 46 
420	110 
421	148 
422	68 135 
423	51 
424	1 132 
425	40 
426	144 
427	91 
428	104 145 
429	49 
430	85 
431	111 
432	114 
433	91 
434	13 
435	68 
436	33 
437	2 
438	142 148 
439	48 
440	133 
441	23 
442	36 
443	103 
444	86 
445	22 
446	24 
447	138 
448	27 
449	65 
450	91 
451	139 
452	30 
453	14 97 
454	122 144 
455	52 
456	37 
457	88 
458	103 
459	137 
460	48 
461	57 
462	21 
463	65 
464	48 
465	48 
466	60 
467	46 
468	114 
469	73 120 
470	145 
471	18 
472	114 
473	92 
474	20 
475	36 
476	21 
477	142 
478	66 133 
479	74 
480	124 140 
481	20 122 
482	53 
483	53 
484	71 115 
485	43 
486	82 
487	124 
488	115 
489	30 
490	54 
491	93 
492	99 
493	144 
494	32 114 
495	117 
496	85 
497	97 
498	96 
499	58 73 
500	19 
501	2 143 
502	71 
503	48 
504	25 
505	78 
506	117 
507	123 
508	2 45 
509	96 
510	75 136 
511	114 
512	2 
513	90 
514	66 
515	81 
516	92 
517	121 
518	52 
519	89 121 
520	103 111 
521	125 
522	137 
523	139 
524	88 
525	14 
526	85 
527	75 
528	30 
529	148 
530	121 
531	21 114 
532	64 
533	144 
534	30 
535	66 
536	48 
537	17 18 
538	49 
539	85 
540	72 
541	41 
542	118 
543	97 
544	77 
545	79 
546	49 
547	148 
548	44 142 
549	75 
550	41 
551	33 
552	10 96 
553	132 
554	129 
555	96 
556	130 
557	53 
558	13 
559	11 
560	70 
561	43 
562	148 
563	147 
564	48 
565	50 
566	119 
567	111 
568	36 
569	73 
570	6 
571	21 
572	2 
573	126 
574	111 
575	136 
576	8 
577	92 103 
578	121 
579	2 
580	147 
581	126 
582	12 
583	8 
584	45 
585	47 96 
586	30 99 
587	96 
588	118 
589	40 96 
590	45 
591	85 
592	96 
593	97 
594	61 
595	106 
596	128 
597	126 
598	52 72 
599	85 
600	56 
601	101 
602	33 
603	53 81 
604	122 
605	137 
606	127 
607	109 
608	19 
609	53 
610	104 
611	18 
612	33 
613	52 61 
614	54 
615	126 
616	114 
617	17 
618	9 
619	21 25 
620	19 
621	125 
622	1 
623	38 
624	53 
625	48 75 
626	30 
627	81 
628	23 
629	24 
630	137 
631	75 
632	80 
633	43 
634	81 
635	54 
636	75 
637	23 
638	118 
639	106 
640	2 
641	125 
642	100 
643	19 
644	97 
645	70 
646	21 
647	42 
648	123 
649	121 
650	49 83 
651	148 
652	41 66 
653	137 
654	45 
655	86 
656	138 
657	19 99 
658	110 
659	121 
660	51 
661	67 
662	66 
663	133 
664	121 
665	97 
666	110 
667	102 
668	118 
669	6 
670	1 
671	139 
672	145 
673	8 
674	145 
675	52 
676	107 
677	144 
678	121 
679	82 
680	100 
681	26 29 
682	18 
683	58 
684	115 
685	66 
686	51 
687	110 
688	90 
689	60 
690	124 
691	52 
692	71 
693	38 
694	7 
695	123 
696	6 114 
697	111 
698	58 
699	144 
700	133 
701	107 
702	70 
703	5 52 
704	57 
705	52 
706	20 30 
707	33 
708	142 
709	110 148 
710	24 
711	71 
712	123 
713	107 
714	125 
715	37 
716	92 
717	48 
718	43 
719	57 
720	22 125 
721	47 68 
722	4 
723	136 
724	122 
725	75 
726	57 
727	52 
728	57 
729	31 
730	53 
731	86 
732	6 
733	126 
734	90 
735	133 
736	142 
737	53 
738	40 
739	107 
740	53 
741	119 
742	7 
743	93 
744	126 
745	4 
746	108 
747	117 
748	44 
749	107 
750	48 
751	63 
752	69 
753	129 
754	86 
755	2 
756	5 
757	145 
758	33 
759	44 
760	126 
761	113 
762	14 
763	46 
764	113 
765	85 
766	44 
767	54 
768	121 
769	8 
770	84 90 
771	77 
772	59 
773	52 
774	142 
775	51 
776	110 
777	32 
778	34 
779	142 
780	146 
781	25 
782	108 
783	73 85 
784	88 
785	21 
786	147 
787	51 
788	19 
789	29 
790	4 72 
791	94 
792	117 
793	93 
794	1 
795	3 
796	85 103 
797	43 
798	48 
799	106 
800	6 
801	34 106 
802	21 
803	73 
804	6 
805	108 
806	80 
807	53 
808	87 94 
809	142 
810	26 
811	52 
812	85 
813	90 148 
814	19 
815	108 
816	99 
817	115 
818	14 
819	55 142 
820	28 
821	57 
822	94 
823	90 
824	42 
825	105 142 
826	69 
827	94 
828	8 
829	38 
830	77 
831	141 
832	103 
833	67 
834	80 
835	122 
836	27 
837	58 
838	147 
839	7 
840	14 
841	99 
842	35 
843	144 
844	111 
845	33 
846	19 
847	13 
848	69 
849	91 
850	60 
851	30 62 
852	108 126 
853	122 
854	147 
855	52 107 
856	24 
857	78 
858	62 
859	57 
860	70 
861	146 
862	21 
863	77 
864	105 
865	25 
866	11 
867	53 
868	125 
869	137 142 
870	123 
871	54 
872	144 
873	95 
874	18 
875	2 
876	72 147 
877	53 
878	54 
879	81 
880	60 111 
881	19 
882	126 
883	121 
884	23 90 
885	145 
886	24 
887	31 129 
888	110 125 
889	141 
890	54 
891	38 
892	110 
893	19 
894	14 
895	51 
896	76 
897	71 121 
898	40 
899	21 
900	44 
901	126 
902	65 77 
903	64 
904	125 
905	44 
906	136 
907	110 
908	19 
909	21 
910	143 
911	101 
912	81 
913	9 
914	23 
915	85 92 
916	80 144 
917	31 
918	140 
919	103 
920	33 80 
921	53 
922	31 
923	103 
924	99 
925	100 
926	148 
927	110 
928	27 
929	133 
930	112 
931	118 
932	52 
933	147 
934	64 
935	92 
936	133 
937	8 
938	51 
939	31 
940	90 
941	46 
942	17 
943	105 
944	128 
945	118 
946	54 
947	106 
948	21 
949	69 
950	114 
951	10 
952	21 
953	119 
954	7 
955	11 
956	133 
957	131 
958	99 
959	99 
960	119 
961	69 
962	75 
963	121 
964	49 
965	44 133 
966	73 
967	96 
968	21 70 
969	38 
970	118 
971	104 
972	32 
973	114 
974	6 8 
975	126 
976	50 
977	120 
978	110 
979	57 
980	24 145 
981	126 
982	121 
983	97 
984	125 
985	142 
986	148 
987	122 
988	17 43 
989	19 
990	55 
991	42 
992	125 
993	75 
994	143 
995	123 
996	18 
997	71 
998	94 
999	95 
1000	124 
1001	64 
1002	95 
1003	52 
1004	108 
1005	21 51 
1006	142 
1007	111 
1008	51 
1009	89 
1010	2 
1011	19 
1012	89 
1013	133 
1014	90 
1015	76 
1016	137 
1017	118 
1018	103 
1019	111 
1020	53 
1021	100 
1022	123 
1023	21 
1024	65 
1025	2 
1026	45 
1027	148 
1028	18 
1029	132 
1030	11 
1031	18 
1032	71 
1033	139 
1034	123 
1035	24 
1036	114 
1037	1 
1038	24 
1039	148 
1040	2 
1041	25 96 
1042	135 
1043	77 86 
1044	126 
1045	112 
1046	5 
1047	121 
1048	99 
1049	53 
1050	118 
1051	8 
1052	49 
1053	18 
1054	143 
1055	112 
1056	44 
1057	34 
1058	31 
1059	143 
1060	25 
1061	124 
1062	30 
1063	2 145 
1064	19 
1065	7 
1066	59 
1067	92 
1068	43 
1069	78 
1070	93 
1071	122 
1072	64 
1073	62 
1074	76 103 
1075	49 145 
1076	49 
1077	110 
1078	61 
1079	55 
1080	2 
1081	49 
1082	32 
1083	121 
1084	103 
1085	115 
1086	114 
1087	57 
1088	98 
1089	23 
1090	90 92 
1091	91 
1092	77 
1093	99 
1094	70 
1095	51 
1096	73 
1097	80 
1098	18 
1099	124 
1100	119 
1101	88 
1102	88 
1103	30 
1104	121 
1105	91 
1106	2 
1107	13 148 
1108	96 
1109	123 
1110	91 
1111	2 100 
1112	36 
1113	131 
1114	68 
1115	144 
1116	46 
1117	33 122 
1118	49 
1119	97 
1120	30 
1121	10 
1122	48 86 
1123	111 
1124	77 85 
1125	83 
1126	77 
1127	71 103 
1128	90 
1129	123 
1130	68 108 
1131	133 
1132	142 
1133	91 
1134	80 
1135	106 
1136	48 
1137	131 
1138	45 
1139	113 
1140	49 89 
1141	68 
1142	141 
1143	131 
1144	1 
1145	45 
1146	7 
1147	90 
1148	45 
1149	8 
1150	16 
1151	51 
1152	121 
1153	48 
1154	92 
1155	146 
1156	51 
1157	24 
1158	38 
1159	45 
1160	96 
1161	52 
1162	102 
1163	49 
1164	93 
1165	88 
1166	6 
1167	57 
1168	43 
1169	91 
1170	51 
1171	142 
1172	39 
1173	60 
1174	44 
1175	45 
1176	133 
1177	19 
1178	108 142 
1179	103 
1180	44 
1181	131 
1182	18 
1183	14 
1184	19 
1185	23 
1186	117 
1187	110 
1188	21 
1189	2 
1190	56 
1191	8 49 
1192	51 
1193	75 
1194	52 
1195	132 
1196	127 
1197	53 
1198	141 
1199	5 
1200	119 
1201	48 
1202	89 
1203	128 
1204	65 
1205	61 
1206	5 
1207	144 
1208	8 
1209	108 
1210	34 57 
1211	102 125 
1212	65 
1213	131 
1214	133 
1215	46 
1216	63 
1217	148 
1218	70 
1219	144 
1220	38 
1221	104 
1222	44 49 
1223	4 
1224	115 
1225	124 
1226	122 
1227	14 
1228	147 
1229	122 
1230	73 
1231	85 
1232	138 
1233	148 
1234	96 
1235	21 
1236	120 
1237	55 
1238	41 
1239	38 
1240	44 
1241	77 138 
1242	108 
1243	8 
1244	77 
1245	21 
1246	28 
1247	52 
1248	49 
1249	42 
1250	91 
1251	52 
1252	127 
1253	39 
1254	64 
1255	38 
1256	145 
1257	85 
1258	136 
1259	121 
1260	90 
1261	49 55 
1262	55 
1263	45 
1264	4 
1265	5 110 
1266	24 
1267	91 
1268	36 
1269	72 
1270	88 
1271	34 
1272	53 
1273	3 
1274	29 97 
1275	49 
1276	100 126 
1277	131 
1278	94 
1279	64 
1280	72 
1281	91 147 
1282	91 
1283	148 
1284	12 
1285	98 
1286	108 144 
1287	48 
1288	83 
1289	109 
1290	136 
1291	115 
1292	121 
1293	75 
1294	38 
1295	118 
1296	19 
1297	32 
1298	65 
1299	91 
1300	108 
1301	53 
1302	62 
1303	141 
1304	121 
1305	32 
1306	114 
1307	27 
1308	12 
1309	118 
1310	111 
1311	130 
1312	144 
1313	73 
1314	31 
1315	81 
1316	68 144 
1317	66 
1318	69 
1319	92 
1320	20 141 
1321	110 
1322	57 
1323	109 
1324	97 
1325	107 137 
1326	18 
1327	131 
1328	66 
1329	51 
1330	29 
1331	61 
1332	128 
1333	99 
1334	12 
1335	92 
1336	32 54 
1337	114 
1338	114 
1339	125 
1340	140 
1341	44 
1342	31 127 
1343	1 
1344	114 
1345	96 
1346	4 
1347	76 
1348	109 
1349	92 
1350	23 
1351	48 
1352	21 
1353	65 
1354	55 
1355	93 
1356	42 
1357	36 85 
1358	71 
1359	49 110 
1360	85 
1361	11 
1362	2 
1363	132 
1364	18 
1365	83 147 
1366	105 
1367	97 
1368	92 
1369	31 
1370	65 
1371	37 60 
1372	143 
1373	41 
1374	142 148 
1375	137 
1376	25 
1377	125 
1378	137 
1379	142 
1380	90 
1381	137 
1382	27 
1383	41 
1384	7 
1385	49 
1386	61 121 
1387	99 
1388	133 
1389	65 89 
1390	96 
1391	126 
1392	76 
1393	80 
1394	45 
1395	24 
1396	112 
1397	103 
1398	91 
1399	148 
1400	55 
1401	148 
1402	33 
1403	110 
1404	77 
1405	80 
1406	42 
1407	95 
1408	60 
1409	27 77 
1410	52 91 
1411	103 
1412	46 119 
1413	121 
1414	96 
1415	2 
1416	92 
1417	52 
1418	35 
1419	18 133 
1420	42 
1421	68 
1422	19 
1423	56 
1424	91 
1425	119 
1426	33 
1427	102 
1428	80 
1429	57 
1430	25 
1431	122 
1432	27 
1433	48 
1434	53 131 
1435	26 
1436	53 
1437	64 
1438	141 
1439	53 
1440	21 
1441	68 
1442	75 
1443	53 
1444	145 
1445	103 
1446	144 
1447	58 
1448	85 
1449	9 
1450	102 
1451	54 
1452	146 
1453	83 
1454	19 
1455	70 
1456	24 
1457	46 
1458	147 
1459	61 
1460	62 
1461	73 
1462	83 
1463	19 
1464	144 
1465	93 
1466	83 
1467	2 
1468	33 
1469	103 
1470	72 
1471	134 
1472	122 
1473	137 
1474	140 
1475	100 
1476	6 
1477	110 
1478	147 
1479	93 
1480	138 
1481	94 
1482	123 
1483	119 
1484	97 
1485	111 
1486	89 
1487	69 
1488	142 
1489	125 
1490	123 
1491	26 
1492	49 
1493	40 
1494	119 
1495	110 
1496	110 
1497	59 
1498	114 
1499	121 
1500	110 
1501	71 
1502	7 
1503	19 
1504	90 
1505	65 
1506	114 
1507	91 
1508	48 
1509	30 
1510	49 
1511	66 69 
1512	114 
1513	87 
1514	84 
1515	110 
1516	53 71 
1517	71 
1518	148 
1519	119 
1520	90 
1521	75 144 
1522	106 
1523	44 
1524	83 
1525	66 
1526	38 
1527	114 
1528	1 
1529	89 
1530	105 
1531	10 
1532	27 
1533	129 
1534	125 
1535	138 
1536	110 
1537	138 
1538	33 
1539	104 
1540	123 
1541	111 
1542	114 
1543	28 
1544	24 
1545	64 118 
1546	92 
1547	144 
1548	2 19 
1549	115 
1550	75 
1551	64 
1552	7 25 
1553	63 
1554	138 
1555	118 
1556	52 
1557	138 
1558	100 
1559	14 
1560	44 
1561	103 
1562	108 
1563	64 
1564	138 
1565	121 
1566	47 48 
1567	92 
1568	100 
1569	90 
1570	54 
1571	142 
1572	43 
1573	39 
1574	52 
1575	90 
1576	76 
1577	70 
1578	103 
1579	94 
1580	96 
1581	30 
1582	68 
1583	81 
1584	73 
1585	67 
1586	31 
1587	82 
1588	34 
1589	76 
1590	53 
1591	95 
1592	95 
1593	112 
1594	145 
1595	35 
1596	111 
1597	25 
1598	49 71 
1599	47 
1600	45 
1601	125 
1602	43 
1603	84 
1604	123 
1605	6 
1606	7 
1607	99 
1608	145 
1609	125 
1610	43 
1611	113 
1612	80 
1613	6 
1614	75 
1615	148 
1616	124 
1617	118 130 
1618	57 
1619	138 
1620	51 
1621	148 
1622	44 
1623	116 
1624	121 
1625	33 
1626	11 
1627	9 
1628	97 129 
1629	90 
1630	8 
1631	47 
1632	18 
1633	80 
1634	7 96 
1635	44 
1636	44 
1637	53 
1638	8 
1639	95 
1640	13 
1641	111 
1642	64 
1643	94 
1644	15 
1645	24 
1646	10 
1647	137 142 
1648	6 
1649	123 
1650	55 
1651	129 
1652	92 
1653	19 92 
1654	110 
1655	140 
1656	94 
1657	64 93 
1658	6 
1659	131 
1660	65 
1661	125 
1662	144 
1663	121 
1664	130 
1665	107 142 
1666	28 
1667	6 
1668	77 
1669	36 64 
1670	76 
1671	53 
1672	21 100 
1673	107 
1674	85 
1675	56 
1676	68 
1677	54 
1678	14 
1679	35 
1680	70 
1681	126 
1682	36 
1683	24 
1684	45 
1685	45 71 
1686	70 
1687	58 
1688	87 
1689	104 
1690	118 
1691	98 
1692	64 
1693	76 
1694	97 
1695	33 
1696	90 
1697	46 
1698	33 
1699	38 
1700	75 
1701	140 
1702	88 
1703	58 
1704	114 
1705	5 
1706	18 
1707	85 
1708	98 
1709	103 125 
1710	15 21 
1711	96 
1712	79 
1713	29 53 
1714	4 
1715	121 
1716	52 
1717	16 
1718	123 
1719	142 
1720	136 
1721	8 
1722	32 
1723	96 
1724	130 
1725	81 
1726	21 
1727	7 
1728	52 
1729	115 
1730	115 
1731	73 
1732	34 48 
1733	1 
1734	92 
1735	24 123 
1736	104 
1737	44 
1738	97 
1739	1 
1740	85 
1741	98 
1742	49 
1743	48 
1744	21 
1745	110 
1746	118 
1747	124 
1748	54 69 
1749	121 
1750	48 
1751	20 
1752	115 
1753	36 52 
1754	92 
1755	102 111 
1756	112 
1757	128 
1758	91 
1759	58 
1760	36 42 
1761	138 
1762	2 126 
1763	110 
1764	90 
1765	114 
1766	120 
1767	91 
1768	78 
1769	131 
1770	65 
1771	17 
1772	21 
1773	68 
1774	96 103 
1775	11 
1776	56 
1777	94 
1778	33 
1779	97 
1780	24 
1781	33 
1782	44 
1783	91 
1784	90 
1785	57 143 
1786	139 
1787	45 
1788	26 
1789	19 54 
1790	8 
1791	64 
1792	110 
1793	6 
1794	19 65 
1795	133 
1796	47 
1797	73 
1798	110 
1799	56 
1800	74 
1801	132 
1802	51 
1803	103 
1804	103 
1805	110 
1806	125 
1807	16 64 
1808	148 
1809	15 
1810	16 
1811	148 
1812	82 
1813	71 
1814	19 
1815	129 
1816	72 
1817	111 
1818	110 
1819	51 
1820	44 
1821	85 
1822	147 
1823	12 
1824	108 122 
1825	52 
1826	64 
1827	119 
1828	53 
1829	30 
1830	11 36 
1831	110 
1832	121 
1833	115 
1834	67 
1835	44 49 
1836	100 108 
1837	19 
1838	80 
1839	52 
1840	27 142 
1841	24 143 
1842	112 
1843	114 
1844	24 104 
1845	110 
1846	138 
1847	119 
1848	80 139 
1849	50 145 
1850	131 
1851	40 
1852	54 
1853	138 
1854	52 110 
1855	129 
1856	130 
1857	99 
1858	69 
1859	26 
1860	44 
1861	57 
1862	33 
1863	112 
1864	147 
1865	88 
1866	2 54 
1867	118 
1868	24 65 
1869	50 
1870	65 
1871	34 
1872	86 
1873	18 
1874	49 
1875	143 
1876	49 
1877	11 
1878	110 
1879	21 
1880	60 
1881	108 
1882	44 51 
1883	142 
1884	48 
1885	112 
1886	7 
1887	82 
1888	142 
1889	48 
1890	65 
1891	49 71 
1892	18 
1893	73 
1894	54 
1895	108 
1896	52 
1897	110 
1898	68 
1899	24 
1900	103 
1901	9 33 
1902	110 142 
1903	131 
1904	39 
1905	27 
1906	137 
1907	19 
1908	51 
1909	44 
1910	53 
1911	54 
1912	147 
1913	91 
1914	90 
1915	57 
1916	111 
1917	75 
1918	54 
1919	68 
1920	136 
1921	65 
1922	91 
1923	137 
1924	93 
1925	85 148 
1926	54 
1927	38 80 
1928	44 64 
1929	145 
1930	110 
1931	75 
1932	15 
1933	49 
1934	110 
1935	126 
1936	138 
1937	126 
1938	21 
1939	91 
1940	52 96 
1941	90 
1942	108 
1943	131 
1944	143 
1945	52 
1946	7 
1947	71 
1948	24 
1949	63 
1950	71 143 
1951	110 
1952	33 
1953	33 
1954	52 
1955	88 
1956	1 
1957	27 80 
1958	54 69 
1959	13 
1960	46 
1961	86 
1962	108 
1963	99 
1964	82 
1965	107 
1966	85 
1967	131 
1968	44 
1969	73 
1970	124 125 
1971	125 
1972	48 54 
1973	33 
1974	85 
1975	64 
1976	18 48 
1977	144 
1978	148 
1979	44 
1980	14 
1981	111 
1982	132 
1983	23 
1984	144 
1985	108 
1986	92 
1987	80 
1988	145 
1989	101 
1990	64 
1991	128 
1992	15 
1993	23 
1994	142 
1995	26 
1996	69 
1997	37 142 
1998	118 
1999	110 
2000	51 
2001	52 
2002	32 
2003	144 
2004	38 
2005	71 
2006	58 
2007	119 
2008	62 
2009	54 
2010	80 
2011	60 
2012	61 141 
2013	110 
2014	20 
2015	121 
2016	11 
2017	48 119 
2018	85 
2019	73 
2020	127 
2021	56 
2022	69 
2023	77 
2024	110 
2025	85 
2026	48 
2027	114 
2028	126 
2029	6 
2030	38 
2031	7 
2032	29 33 
2033	100 
2034	99 
2035	125 
2036	48 
2037	137 
2038	121 
2039	2 
2040	6 
2041	125 
2042	99 
2043	88 
2044	24 84 
2045	97 
2046	11 
2047	43 
2048	63 
2049	24 
2050	143 
2051	103 
2052	144 
2053	75 
2054	14 
2055	79 
2056	148 
2057	55 
2058	28 
2059	19 
2060	55 
2061	90 
2062	74 
2063	67 
2064	122 
2065	114 
2066	102 
2067	80 
2068	103 
2069	29 
2070	36 135 
2071	139 
2072	111 
2073	91 130 
2074	112 
2075	90 
2076	90 
2077	96 
2078	19 
2079	57 
2080	50 
2081	37 89 
2082	110 133 
2083	45 53 
2084	65 
2085	26 
2086	87 
2087	48 
2088	39 111 
2089	148 
2090	5 
2091	135 
2092	134 
2093	45 
2094	57 
2095	119 
2096	30 100 
2097	16 
2098	80 
2099	25 
2100	114 
2101	110 
2102	10 
2103	88 
2104	137 
2105	147 
2106	145 
2107	118 
2108	132 
2109	110 
2110	103 
2111	51 
2112	144 
2113	66 
2114	10 
2115	18 
2116	64 
2117	146 
2118	83 
2119	72 
2120	69 
2121	69 
2122	21 
2123	19 
2124	89 
2125	40 
2126	103 
2127	18 37 
2128	125 
2129	12 
2130	24 118 
2131	114 
2132	2 48 
2133	2 
2134	140 
2135	68 
2136	125 
2137	97 
2138	110 
2139	143 
2140	78 
2141	3 
2142	1 
2143	19 
2144	73 
2145	57 
2146	30 
2147	2 
2148	111 
2149	123 
2150	51 
2151	3 31 
2152	139 
2153	44 
2154	110 
2155	49 
2156	80 
2157	145 
2158	72 
2159	68 
2160	13 
2161	125 
2162	52 
2163	145 
2164	8 
2165	92 
2166	67 
2167	48 52 
2168	77 
2169	80 
2170	49 
2171	105 
2172	94 
2173	102 
2174	117 
2175	18 
2176	34 
2177	106 
2178	28 
2179	17 
2180	27 
2181	64 
2182	52 
2183	49 
2184	139 
2185	145 
2186	96 
2187	52 110 
2188	107 
2189	121 
2190	2 
2191	2 
2192	16 
2193	136 
2194	97 
2195	71 
2196	72 
2197	89 
2198	5 
2199	142 
2200	103 123 
2201	4 
2202	91 
2203	64 
2204	140 
2205	14 131 
2206	13 
2207	63 
2208	71 
2209	139 
2210	24 
2211	33 
2212	118 
2213	91 
2214	70 
2215	107 
2216	104 
2217	70 
2218	143 
2219	68 
2220	96 
2221	1 37 
2222	64 
2223	26 
2224	62 
2225	5 39 
2226	135 
2227	42 
2228	55 
2229	65 
2230	11 
2231	24 
2232	102 
2233	84 
2234	39 
2235	5 15 
2236	110 
2237	53 
2238	8 65 
2239	22 
2240	26 
2241	103 
2242	78 
2243	80 
2244	70 115 
2245	27 
2246	29 
2247	45 
2248	148 
2249	69 
2250	71 
2251	22 
2252	148 
2253	13 
2254	51 
2255	65 
2256	111 
2257	6 
2258	103 
2259	143 
2260	100 
2261	108 
2262	133 
2263	73 
2264	142 
2265	19 48 
2266	7 
2267	37 
2268	122 
2269	73 
2270	78 
2271	19 
2272	94 
2273	38 
2274	43 
2275	80 
2276	119 
2277	92 
2278	122 
2279	126 
2280	53 
2281	144 
2282	49 
2283	21 
2284	64 
2285	60 
2286	14 
2287	6 
2288	23 
2289	144 
2290	130 
2291	14 147 
2292	19 
2293	3 
2294	110 
2295	23 
2296	123 
2297	76 
2298	92 
2299	25 
2300	110 
2301	54 
2302	52 
2303	49 
2304	134 
2305	52 
2306	116 
2307	48 57 
2308	38 
2309	71 
2310	30 
2311	86 
2312	16 
2313	50 89 
2314	62 110 
2315	114 
2316	57 
2317	1 
2318	107 
2319	48 
2320	142 
2321	148 
2322	33 
2323	48 91 
2324	23 
2325	49 
2326	148 
2327	49 
2328	39 
2329	48 
2330	99 
2331	69 
2332	86 
2333	123 
2334	108 
2335	112 
2336	51 
2337	33 
2338	102 
2339	48 
2340	80 
2341	10 
2342	29 
2343	148 
2344	106 108 
2345	108 
2346	118 
2347	95 
2348	123 
2349	7 24 
2350	23 
2351	92 
2352	126 
2353	99 
2354	81 
2355	144 
2356	145 
2357	119 
2358	14 
2359	60 
2360	10 
2361	126 
2362	147 
2363	96 
2364	57 
2365	99 
2366	15 
2367	71 
2368	49 
2369	125 
2370	82 
2371	66 
2372	33 
2373	49 
2374	49 
2375	142 
2376	61 126 
2377	2 
2378	77 
2379	7 32 
2380	2 
2381	111 
2382	71 
2383	1 
2384	137 
2385	96 
2386	92 
2387	75 
2388	36 
2389	130 
2390	24 
2391	33 
2392	61 
2393	86 
2394	13 
2395	1 105 
2396	7 125 
2397	96 
2398	54 
2399	85 145 
2400	7 
2401	2 
2402	81 
2403	109 
2404	126 
2405	48 
2406	42 103 
2407	35 
2408	108 
2409	58 
2410	65 
2411	28 
2412	36 
2413	26 
2414	38 
2415	32 69 
2416	19 
2417	71 
2418	96 
2419	17 
2420	32 
2421	109 
2422	144 
2423	137 
2424	68 
2425	37 86 
2426	137 
2427	15 
2428	21 
2429	147 
2430	124 
2431	19 
2432	46 
2433	25 
2434	96 121 
2435	33 
2436	121 137 
2437	96 
2438	30 
2439	80 
2440	15 121 
2441	64 75 
2442	65 
2443	7 
2444	100 
2445	42 
2446	137 
2447	45 
2448	48 
2449	48 
2450	19 
2451	7 
2452	27 
2453	75 118 
2454	138 
2455	14 
2456	33 
2457	72 
2458	18 
2459	66 
2460	30 38 
2461	52 
2462	30 
2463	148 
2464	2 
2465	142 
2466	78 
2467	75 
2468	32 52 
2469	148 
2470	8 93 
2471	71 
2472	57 
2473	22 
2474	40 
2475	7 
2476	41 
2477	125 
2478	85 129 
2479	32 
2480	130 
2481	49 
2482	18 64 
2483	61 
2484	111 
2485	78 
2486	89 
2487	144 
2488	19 
2489	30 
2490	21 
2491	99 
2492	99 
2493	45 
2494	125 
2495	12 
2496	144 
2497	25 
2498	135 
2499	22 
2500	105 145 
2501	52 
2502	55 
2503	24 75 
2504	49 
2505	71 
2506	84 
2507	109 
2508	111 
2509	34 
2510	122 
2511	1 130 
2512	15 
2513	47 
2514	102 
2515	7 
2516	35 
2517	73 
2518	121 
2519	103 
2520	27 
2521	77 
2522	14 
2523	144 
2524	89 
2525	50 
2526	38 
2527	44 
2528	51 
2529	24 
2530	7 
2531	99 
2532	38 
2533	108 
2534	85 
2535	106 
2536	54 
2537	137 
2538	45 
2539	24 
2540	35 
2541	27 
2542	107 
2543	131 
2544	138 
2545	38 
2546	19 
2547	88 
2548	118 
2549	51 
2550	6 
2551	60 
2552	52 
2553	109 118 
2554	18 
2555	101 
2556	105 
2557	73 
2558	107 
2559	137 
2560	110 
2561	54 118 
2562	57 
2563	45 
2564	75 
2565	75 
2566	19 35 
2567	144 
2568	54 
2569	64 65 
2570	75 
2571	21 
2572	90 127 
2573	38 
2574	111 
2575	110 
2576	144 
2577	89 
2578	18 96 
2579	47 48 
2580	14 
2581	109 
2582	125 
2583	49 
2584	82 
2585	55 
2586	27 
2587	18 
2588	4 
2589	21 
2590	44 
2591	7 
2592	80 
2593	53 
2594	90 
2595	3 29 
2596	98 
2597	91 121 
2598	8 
2599	38 61 
2600	53 54 
2601	57 
2602	55 100 
2603	130 
2604	44 
2605	142 
2606	67 
2607	82 
2608	38 
2609	40 
2610	131 
2611	61 
2612	44 
2613	44 
2614	66 
2615	65 
2616	52 
2617	8 
2618	7 
2619	52 71 
2620	110 
2621	118 
2622	1 
2623	145 
2624	78 144 
2625	33 
2626	103 
2627	91 
2628	92 
2629	58 
2630	55 
2631	124 
2632	36 
2633	36 40 
2634	99 122 
2635	115 
2636	52 
2637	69 
2638	72 
2639	125 
2640	62 
2641	92 
2642	13 
2643	130 
2644	53 
2645	69 
2646	18 
2647	21 
2648	97 
2649	84 
2650	99 
2651	56 
2652	147 
2653	49 80 
2654	115 
2655	66 
2656	131 
2657	60 
2658	6 
2659	52 
2660	11 
2661	110 
2662	65 
2663	30 
2664	129 
2665	85 123 
2666	114 118 
2667	22 
2668	49 
2669	129 
2670	48 
2671	14 120 
2672	92 
2673	128 
2674	80 
2675	67 138 
2676	52 
2677	65 70 
2678	148 
2679	77 
2680	118 
2681	40 
2682	57 
2683	95 
2684	109 
2685	18 
2686	68 
2687	7 
2688	111 
2689	52 
2690	34 
2691	112 
2692	26 125 
2693	89 
2694	64 
2695	148 
2696	73 
2697	137 
2698	104 
2699	105 
2700	93 
2701	77 
2702	73 144 
2703	71 
2704	33 
2705	119 
2706	21 54 
2707	1 
2708	133 
2709	126 
2710	130 
2711	75 
2712	24 
2713	8 54 
2714	66 145 
2715	45 48 
2716	123 
2717	24 83 
2718	99 
2719	17 
2720	98 
2721	23 
2722	91 
2723	18 
2724	70 
2725	85 
2726	17 
2727	127 
2728	91 
2729	71 
2730	55 
2731	71 
2732	102 
2733	69 
2734	19 
2735	90 
2736	90 
2737	102 
2738	5 
2739	21 
2740	89 
2741	133 
2742	110 
2743	54 
2744	124 
2745	116 
2746	61 
2747	66 
2748	53 119 
2749	109 
2750	80 
2751	33 
2752	6 
2753	77 
2754	85 
2755	1 
2756	125 
2757	102 
2758	48 
2759	102 
2760	142 
2761	91 
2762	105 
2763	114 
2764	69 117 
2765	44 
2766	114 
2767	109 
2768	125 
2769	23 
2770	23 
2771	27 
2772	10 
2773	38 
2774	43 52 
2775	91 
2776	89 
2777	111 
2778	52 
2779	86 
2780	98 
2781	42 
2782	124 
2783	71 
2784	147 
2785	39 
2786	23 142 
2787	31 
2788	64 
2789	54 
2790	52 
2791	128 
2792	110 
2793	117 
2794	66 
2795	92 
2796	58 
2797	96 
2798	114 
2799	90 
2800	145 
2801	2 
2802	66 
2803	122 
2804	61 
2805	83 
2806	89 
2807	62 
2808	88 
2809	111 
2810	16 
2811	102 
2812	45 103 
2813	116 
2814	14 
2815	30 
2816	80 
2817	70 
2818	9 
2819	86 
2820	65 
2821	27 
2822	82 
2823	64 73 
2824	29 
2825	50 
2826	119 
2827	54 
2828	70 
2829	100 
2830	23 
2831	128 
2832	90 117 
2833	94 
2834	146 
2835	53 
2836	107 
2837	30 
2838	125 
2839	8 
2840	30 
2841	4 
2842	13 
2843	135 
2844	1 
2845	114 
2846	46 
2847	24 
2848	55 
2849	90 
2850	27 
2851	70 
2852	32 
2853	85 
2854	139 
2855	137 
2856	81 
2857	65 
2858	68 
2859	54 
2860	34 
2861	99 
2862	17 55 
2863	86 
2864	17 90 
2865	8 
2866	37 
2867	81 
2868	22 
2869	106 
2870	40 
2871	61 
2872	71 
2873	23 
2874	48 
2875	49 64 
2876	18 
2877	122 
2878	64 
2879	49 
2880	76 
2881	64 
2882	81 
2883	115 
2884	86 
2885	97 
2886	143 
2887	143 
2888	8 
2889	42 
2890	78 
2891	68 
2892	105 
2893	80 
2894	96 
2895	49 
2896	3 
2897	147 
2898	86 
2899	11 
2900	44 
2901	3 
2902	51 
2903	52 
2904	90 
2905	144 
2906	28 
2907	23 
2908	107 
2909	64 
2910	75 
2911	15 
2912	114 
2913	137 
2914	95 
2915	111 130 
2916	38 
2917	49 
2918	103 
2919	37 
2920	7 
2921	98 
2922	131 
2923	107 
2924	119 
2925	49 
2926	145 
2927	118 
2928	51 
2929	30 
2930	2 
2931	58 
2932	7 
2933	38 
2934	96 
2935	2 
2936	31 
2937	4 
2938	111 
2939	71 
2940	133 
2941	48 
2942	60 
2943	51 
2944	71 
2945	88 
2946	31 
2947	81 
2948	104 
2949	41 48 
2950	20 
2951	69 
2952	103 
2953	31 121 
2954	68 
2955	94 
2956	142 
2957	6 
2958	88 
2959	62 85 
2960	36 
2961	30 
2962	49 
2963	71 
2964	30 
2965	57 
2966	92 
2967	33 
2968	128 
2969	105 
2970	148 
2971	111 
2972	60 
2973	45 
2974	44 
2975	37 
2976	90 
2977	75 
2978	6 18 
2979	86 
2980	11 
2981	23 106 
2982	52 
2983	102 
2984	99 
2985	96 
2986	142 
2987	143 
2988	47 68 
2989	2 
2990	131 
2991	8 
2992	144 
2993	111 
2994	96 
2995	7 
2996	141 
2997	62 
2998	105 145 
2999	64 
3000	49 
3001	23 40 
3002	148 
3003	103 
3004	72 
3005	80 
3006	88 
3007	60 
3008	103 
3009	99 
3010	128 
3011	92 
3012	142 
3013	120 
3014	64 
3015	145 
3016	44 
3017	4 131 
3018	13 
3019	126 
3020	119 
3021	45 
3022	75 
3023	19 
3024	41 145 
3025	1 
3026	7 
3027	115 
3028	148 
3029	110 
3030	66 136 
3031	115 
3032	90 
3033	4 
3034	96 
3035	2 
3036	80 
3037	94 131 
3038	144 
3039	84 
3040	33 
3041	78 114 
3042	21 
3043	92 
3044	31 
3045	127 
3046	45 
3047	27 
3048	86 
3049	108 
3050	52 
3051	88 
3052	85 
3053	138 
3054	27 
3055	107 
3056	68 132 
3057	110 
3058	110 
3059	68 
3060	75 
3061	32 
3062	55 110 
3063	93 
3064	24 
3065	24 
3066	45 
3067	81 
3068	106 
3069	99 
3070	26 
3071	71 
3072	21 
3073	99 
3074	118 
3075	38 
3076	146 
3077	33 
3078	140 
3079	118 
3080	2 
3081	114 
3082	48 
3083	138 
3084	90 
3085	33 
3086	110 
3087	5 
3088	2 
3089	123 
3090	93 
3091	68 
3092	71 
3093	52 
3094	6 
3095	77 
3096	50 
3097	70 
3098	61 
3099	91 
3100	78 
3101	68 
3102	67 
3103	119 
3104	21 
3105	30 
3106	86 
3107	90 
3108	49 
3109	13 
3110	38 
3111	85 
3112	24 
3113	145 
3114	54 
3115	127 142 
3116	33 
3117	101 
3118	72 
3119	80 
3120	31 
3121	148 
3122	75 
3123	15 
3124	29 
3125	73 
3126	103 121 
3127	24 
3128	49 
3129	34 
3130	109 
3131	36 
3132	74 
3133	140 
3134	121 
3135	114 
3136	23 
3137	44 
3138	48 
3139	75 
3140	103 
3141	113 
3142	142 
3143	31 
3144	88 
3145	18 83 
3146	19 
3147	32 
3148	58 
3149	107 
3150	2 106 
3151	50 
3152	143 
3153	21 
3154	116 
3155	144 
3156	121 
3157	6 
3158	111 
3159	6 
3160	81 
3161	99 
3162	79 
3163	68 
3164	125 
3165	106 
3166	81 
3167	89 
3168	58 
3169	40 
3170	66 
3171	110 
3172	96 
3173	121 
3174	87 
3175	133 
3176	54 
3177	108 
3178	16 
3179	49 89 
3180	71 
3181	62 
3182	108 143 
3183	51 90 
3184	44 
3185	49 
3186	10 
3187	64 
3188	86 
3189	108 123 
3190	108 
3191	129 
3192	72 
3193	85 
3194	59 
3195	52 
3196	78 
3197	92 
3198	23 
3199	52 
3200	8 
3201	117 
3202	19 
3203	128 
3204	29 
3205	53 
3206	11 
3207	102 
3208	115 
3209	108 
3210	58 
3211	111 
3212	72 
3213	90 
3214	32 
3215	148 
3216	108 
3217	52 
3218	52 
3219	15 
3220	20 
3221	27 
3222	143 
3223	139 
3224	27 
3225	57 
3226	31 85 
3227	102 103 
3228	113 
3229	1 
3230	147 
3231	90 
3232	49 
3233	51 
3234	35 
3235	99 
3236	106 
3237	96 
3238	90 
3239	33 108 
3240	10 
3241	52 
3242	70 120 
3243	75 
3244	45 
3245	3 
3246	11 38 
3247	11 49 
3248	52 56 
3249	94 
3250	85 
3251	24 
3252	144 
3253	52 
3254	108 
3255	142 
3256	111 
3257	53 
3258	97 
3259	123 
3260	44 54 
3261	111 
3262	42 
3263	103 
3264	136 
3265	118 146 
3266	30 
3267	7 
3268	22 
3269	85 
3270	137 
3271	111 
3272	30 
3273	126 
3274	125 
3275	54 
3276	43 
3277	92 
3278	57 
3279	13 
3280	145 
3281	54 
3282	26 
3283	33 
3284	82 
3285	115 
3286	3 
3287	96 
3288	127 
3289	49 
3290	109 
3291	1 
3292	147 
3293	144 
3294	51 
3295	8 
3296	2 
3297	12 
3298	19 
3299	90 
3300	83 
3301	18 
3302	54 
3303	23 130 
3304	144 
3305	96 
3306	71 
3307	91 
3308	70 
3309	133 
3310	33 
3311	60 
3312	48 
3313	33 
3314	107 
3315	73 
3316	66 110 
3317	64 
3318	99 
3319	66 
3320	49 
3321	1 117 
3322	64 
3323	125 
3324	90 
3325	81 
3326	7 
3327	64 
3328	85 
3329	7 
3330	137 
3331	37 52 
3332	90 
3333	102 
3334	66 
3335	10 113 
3336	75 
3337	51 
3338	109 
3339	21 72 
3340	73 
3341	80 
3342	14 
3343	26 
3344	104 
3345	102 
3346	106 113 
3347	14 
3348	51 
3349	6 61 
3350	31 
3351	95 
3352	96 121 
3353	58 
3354	100 
3355	7 122 
3356	55 
3357	2 
3358	34 
3359	49 57 
3360	54 
3361	44 
3362	118 
3363	38 
3364	45 
3365	73 133 
3366	110 
3367	14 103 
3368	52 
3369	64 135 
3370	123 
3371	64 
3372	93 
3373	69 
3374	82 
3375	114 
3376	81 
3377	30 54 
3378	54 
3379	16 
3380	84 
3381	18 
3382	46 
3383	60 
3384	14 
3385	67 
3386	33 144 
3387	64 
3388	121 
3389	125 
3390	20 
3391	141 145 
3392	97 
3393	51 99 
3394	110 
3395	9 
3396	24 
3397	131 
3398	85 
3399	3 
3400	52 
3401	56 
3402	7 
3403	73 
3404	126 
3405	125 
3406	73 
3407	6 141 
3408	146 
3409	52 
3410	44 
3411	53 
3412	125 
3413	24 66 
3414	53 
3415	19 
3416	60 86 
3417	2 
3418	8 
3419	130 
3420	72 
3421	86 133 
3422	53 
3423	53 
3424	97 
3425	78 
3426	115 
3427	33 
3428	44 
3429	41 
3430	36 
3431	1 
3432	99 141 
3433	51 
3434	137 
3435	38 
3436	33 
3437	117 
3438	85 
3439	72 
3440	38 
3441	52 
3442	111 
3443	126 
3444	24 57 
3445	27 117 
3446	72 
3447	55 
3448	5 
3449	52 
3450	48 
3451	69 
3452	121 
3453	88 
3454	65 123 
3455	49 65 
3456	108 
3457	2 
3458	49 
3459	49 90 
3460	14 
3461	68 127 
3462	79 
3463	143 
3464	105 118 
3465	124 
3466	122 
3467	53 
3468	71 
3469	113 
3470	51 
3471	125 
3472	133 
3473	103 
3474	123 
3475	38 
3476	120 
3477	19 
3478	24 90 
3479	27 
3480	49 
3481	44 
3482	126 
3483	120 
3484	53 
3485	103 
3486	48 
3487	13 
3488	1 86 
3489	18 
3490	24 
3491	18 
3492	75 
3493	1 
3494	65 
3495	77 
3496	130 
3497	96 
3498	91 
3499	96 
3500	126 
3501	41 
3502	92 
3503	99 
3504	123 
3505	49 
3506	2 
3507	136 
3508	66 96 
3509	45 
3510	24 113 
3511	110 
3512	68 85 
3513	138 
3514	54 
3515	120 
3516	91 
3517	26 29 
3518	99 144 
3519	89 111 
3520	136 
3521	49 
3522	53 
3523	125 
3524	110 
3525	148 
3526	87 
3527	131 
3528	11 
3529	115 
3530	61 
3531	93 
3532	107 
3533	92 
3534	21 
3535	52 
3536	1 
3537	147 
3538	23 
3539	119 
3540	135 
3541	100 
3542	125 
3543	44 
3544	52 
3545	45 
3546	90 
3547	119 
3548	113 
3549	129 
3550	51 
3551	18 84 
3552	65 
3553	44 
3554	148 
3555	27 142 
3556	56 119 
3557	75 
3558	92 
3559	57 
3560	137 
3561	121 
3562	76 
3563	115 
3564	29 
3565	133 
3566	40 
3567	87 
3568	125 
3569	75 
3570	104 
3571	147 
3572	50 
3573	12 65 
3574	77 
3575	81 
3576	2 
3577	99 
3578	68 
3579	33 
3580	24 
3581	148 
3582	3 
3583	51 
3584	145 
3585	139 
3586	7 63 
3587	80 
3588	21 
3589	44 
3590	7 
3591	90 
3592	28 
3593	41 
3594	57 
3595	39 
3596	145 
3597	110 
3598	53 
3599	53 
3600	31 
3601	57 
3602	122 
3603	11 
3604	133 
3605	96 
3606	107 
3607	79 
3608	142 
3609	5 
3610	19 
3611	52 
3612	67 
3613	98 
3614	133 
3615	58 
3616	93 
3617	139 143 
3618	100 
3619	142 
3620	19 
3621	126 
3622	54 
3623	38 
3624	1 
3625	59 
3626	90 
3627	107 
3628	18 
3629	126 
3630	48 
3631	142 
3632	142 
3633	24 
3634	140 
3635	10 
3636	96 124 
3637	64 
3638	92 
3639	51 
3640	121 
3641	53 
3642	114 
3643	52 
3644	124 
3645	143 
3646	118 
3647	51 
3648	45 
3649	145 
3650	19 
3651	148 
3652	33 119 
3653	69 
3654	21 
3655	129 
3656	57 
3657	129 131 
3658	64 
3659	125 
3660	92 
3661	64 
3662	122 
3663	103 
3664	75 
3665	89 148 
3666	138 
3667	77 
3668	71 86 
3669	93 
3670	33 
3671	125 
3672	141 
3673	100 
3674	99 
3675	1 
3676	6 
3677	20 121 
3678	80 
3679	89 
3680	85 
3681	115 
3682	83 
3683	7 131 
3684	147 
3685	7 
3686	103 
3687	20 
3688	104 
3689	142 
3690	92 
3691	119 
3692	98 
3693	99 
3694	59 131 
3695	49 
3696	81 
3697	144 
3698	114 
3699	7 
3700	114 
3701	80 
3702	48 
3703	117 
3704	142 
3705	34 
3706	43 
3707	64 
3708	73 
3709	125 
3710	105 
3711	96 121 
3712	65 69 
3713	44 
3714	114 
3715	142 
3716	111 
3717	137 
3718	16 
3719	49 
3720	54 
3721	69 
3722	107 
3723	48 
3724	91 
3725	77 
3726	49 
3727	142 
3728	31 
3729	111 
3730	23 
3731	75 
3732	60 108 
3733	140 
3734	38 
3735	2 64 
3736	81 
3737	119 
3738	79 
3739	54 
3740	75 
3741	114 
3742	138 
3743	92 
3744	20 137 
3745	6 
3746	96 
3747	69 
3748	119 
3749	55 
3750	73 
3751	25 
3752	53 
3753	73 
3754	35 
3755	51 
3756	53 
3757	52 
3758	98 
3759	117 
3760	144 
3761	148 
3762	39 
3763	73 
3764	90 
3765	44 
3766	40 
3767	29 
3768	112 
3769	108 
3770	122 
3771	71 
3772	51 
3773	69 
3774	90 
3775	30 
3776	97 
3777	144 
3778	68 
3779	94 
3780	8 
3781	49 
3782	144 
3783	2 
3784	67 
3785	40 
3786	13 
3787	142 
3788	56 
3789	48 
3790	53 
3791	6 
3792	126 
3793	118 
3794	126 
3795	49 
3796	147 
3797	2 
3798	147 
3799	4 
3800	123 
3801	93 
3802	70 
3803	33 
3804	53 
3805	49 98 
3806	32 
3807	103 
3808	61 99 
3809	53 
3810	85 
3811	78 85 
3812	144 
3813	85 
3814	48 
3815	4 
3816	20 
3817	115 
3818	9 
3819	38 
3820	49 
3821	59 
3822	6 
3823	91 
3824	52 
3825	13 
3826	5 
3827	96 99 
3828	124 
3829	108 
3830	137 
3831	9 23 
3832	19 
3833	75 
3834	24 
3835	64 
3836	80 122 
3837	107 
3838	133 
3839	30 
3840	129 
3841	96 
3842	101 
3843	101 
3844	49 
3845	100 
3846	54 
3847	8 
3848	38 
3849	145 
3850	78 
3851	11 
3852	137 
3853	38 68 
3854	81 
3855	48 
3856	111 
3857	9 
3858	29 
3859	85 
3860	48 
3861	49 
3862	44 
3863	103 
3864	21 
3865	105 
3866	19 
3867	119 
3868	64 
3869	64 
3870	26 
3871	96 
3872	64 
3873	55 
3874	57 
3875	110 
3876	7 
3877	79 
3878	55 
3879	22 
3880	49 
3881	75 
3882	65 
3883	90 
3884	110 
3885	145 
3886	15 
3887	8 147 
3888	142 
3889	92 
3890	6 
3891	33 
3892	70 
3893	43 
3894	90 
3895	19 
3896	99 
3897	54 
3898	69 
3899	52 
3900	112 
3901	130 
3902	48 
3903	110 
3904	91 
3905	144 
3906	107 
3907	6 
3908	73 
3909	144 
3910	48 
3911	114 
3912	133 
3913	32 
3914	43 
3915	144 
3916	99 
3917	6 
3918	88 
3919	53 
3920	7 118 
3921	61 
3922	19 
3923	9 
3924	25 
3925	136 
3926	34 
3927	68 111 
3928	31 
3929	145 
3930	64 
3931	94 
3932	21 
3933	93 108 
3934	116 
3935	109 
3936	64 
3937	17 
3938	66 
3939	14 
3940	6 
3941	49 
3942	136 
3943	96 
3944	36 
3945	19 
3946	1 
3947	1 
3948	131 
3949	20 
3950	48 
3951	142 
3952	94 
3953	122 
3954	86 
3955	48 
3956	52 
3957	115 
3958	137 
3959	142 
3960	133 
3961	19 
3962	105 
3963	7 
3964	40 
3965	89 
3966	57 
3967	111 
3968	19 
3969	25 
3970	44 
3971	13 
3972	99 
3973	83 
3974	24 
3975	121 
3976	34 
3977	144 
3978	85 
3979	72 
3980	28 
3981	141 
3982	29 
3983	111 
3984	132 
3985	65 
3986	24 31 
3987	43 
3988	70 115 
3989	84 
3990	115 
3991	39 
3992	89 111 
3993	14 
3994	44 
3995	144 
3996	64 
3997	14 44 
3998	18 85 
3999	123 
4000	108 
4001	48 
4002	88 
4003	85 
4004	7 
4005	22 
4006	91 133 
4007	123 
4008	4 
4009	143 
4010	17 
4011	108 
4012	110 
4013	23 
4014	54 
4015	90 
4016	33 
4017	111 
4018	73 
4019	117 
4020	43 
4021	69 
4022	1 
4023	92 
4024	54 
4025	46 
4026	126 
4027	53 140 
4028	23 
4029	38 
4030	90 
4031	123 
4032	69 
4033	119 
4034	7 
4035	24 
4036	136 
4037	137 
4038	7 
4039	148 
4040	18 103 
4041	67 
4042	111 
4043	84 
4044	121 
4045	128 
4046	125 
4047	2 103 
4048	148 
4049	42 63 
4050	27 
4051	64 
4052	51 
4053	127 
4054	66 
4055	84 
4056	125 
4057	85 
4058	114 
4059	109 
4060	18 
4061	72 
4062	123 
4063	90 126 
4064	73 
4065	26 
4066	148 
4067	11 99 
4068	91 
4069	110 
4070	20 
4071	96 
4072	120 
4073	64 122 
4074	147 
4075	95 
4076	147 
4077	102 
4078	111 
4079	92 
4080	53 
4081	118 
4082	34 
4083	145 
4084	44 
4085	49 
4086	130 
4087	48 
4088	104 
4089	48 
4090	86 
4091	24 
4092	86 
4093	142 
4094	110 
4095	103 
4096	48 
4097	63 
4098	80 
4099	111 
4100	2 
4101	147 
4102	69 
4103	54 
4104	18 
4105	75 
4106	23 68 
4107	24 
4108	25 
4109	32 
4110	108 
4111	33 
4112	58 
4113	103 
4114	81 
4115	107 
4116	111 
4117	142 
4118	27 
4119	52 86 
4120	44 
4121	148 
4122	144 
4123	23 
4124	33 
4125	33 54 
4126	142 147 
4127	37 
4128	1 
4129	144 
4130	96 
4131	142 
4132	64 
4133	19 
4134	8 90 
4135	75 
4136	41 
4137	80 
4138	64 
4139	67 
4140	61 69 
4141	108 
4142	44 
4143	90 
4144	38 
4145	64 
4146	74 
4147	32 145 
4148	75 
4149	23 65 
4150	30 
4151	18 131 
4152	21 
4153	83 
4154	19 
4155	142 
4156	96 
4157	108 
4158	148 
4159	64 
4160	92 
4161	96 
4162	148 
4163	125 
4164	32 
4165	105 
4166	145 
4167	8 
4168	38 
4169	105 142 
4170	7 
4171	73 
4172	19 
4173	115 
4174	19 
4175	102 
4176	21 99 
4177	21 
4178	81 
4179	3 38 
4180	143 
4181	119 
4182	32 
4183	25 
4184	64 
4185	75 
4186	123 
4187	61 
4188	125 
4189	44 
4190	3 
4191	45 
4192	45 
4193	54 
4194	77 
4195	92 
4196	24 
4197	48 
4198	148 
4199	99 
4200	23 
4201	85 
4202	91 
4203	53 
4204	99 126 
4205	96 
4206	45 
4207	31 
4208	51 
4209	61 
4210	74 
4211	142 
4212	17 
4213	38 
4214	122 
4215	144 
4216	108 
4217	68 
4218	89 
4219	42 
4220	121 142 
4221	113 
4222	54 
4223	53 
4224	142 
4225	121 
4226	101 
4227	24 
4228	125 
4229	142 
4230	51 143 
4231	45 
4232	110 
4233	108 
4234	57 
4235	62 
4236	85 
4237	38 
4238	13 19 
4239	39 
4240	88 
4241	58 
4242	64 78 
4243	42 
4244	143 
4245	58 91 
4246	53 
4247	142 
4248	60 103 
4249	114 
4250	89 
4251	94 
4252	9 
4253	16 
4254	38 
4255	128 
4256	75 
4257	103 
4258	101 103 
4259	89 
4260	2 
4261	94 111 
4262	44 126 
4263	32 
4264	64 
4265	44 
4266	110 
4267	61 
4268	13 
4269	52 
4270	126 
4271	27 
4272	144 
4273	48 
4274	148 
4275	90 
4276	105 
4277	48 
4278	6 
4279	75 
4280	80 
4281	1 
4282	22 
4283	125 
4284	65 
4285	67 
4286	101 
4287	119 
4288	6 
4289	119 144 
4290	100 
4291	3 
4292	19 
4293	57 
4294	129 
4295	68 71 
4296	114 
4297	24 
4298	24 
4299	125 
4300	79 
4301	14 
4302	90 
4303	96 
4304	114 
4305	38 
4306	19 92 
4307	86 
4308	53 
4309	49 
4310	21 
4311	66 
4312	89 
4313	81 
4314	53 
4315	52 
4316	26 
4317	49 
4318	95 
4319	45 
4320	41 
4321	128 
4322	52 
4323	144 
4324	99 
4325	122 
4326	27 
4327	138 148 
4328	7 
4329	81 114 
4330	51 133 
4331	27 
4332	121 
4333	64 
4334	140 
4335	101 
4336	114 
4337	123 
4338	147 
4339	90 
4340	61 
4341	109 
4342	105 
4343	43 
4344	4 
4345	21 
4346	49 
4347	13 
4348	105 
4349	86 
4350	86 
4351	67 
4352	145 
4353	126 
4354	102 
4355	28 
4356	21 123 
4357	66 
4358	96 
4359	87 
4360	140 
4361	4 
4362	37 
4363	102 
4364	52 
4365	140 
4366	52 
4367	65 
4368	41 
4369	146 
4370	1 110 
4371	99 
4372	114 
4373	142 
4374	44 
4375	74 
4376	6 111 
4377	74 
4378	87 
4379	24 
4380	21 
4381	103 
4382	68 
4383	48 
4384	90 
4385	3 
4386	100 
4387	35 
4388	62 
4389	30 
4390	29 
4391	25 
4392	123 
4393	71 
4394	6 
4395	126 
4396	139 
4397	25 44 
4398	40 49 
4399	7 
4400	53 
4401	96 137 
4402	74 
4403	119 
4404	105 
4405	75 85 
4406	38 
4407	37 
4408	48 
4409	60 
4410	85 
4411	109 
4412	103 
4413	137 
4414	83 
4415	96 
4416	57 
4417	96 148 
4418	106 
4419	102 
4420	1 
4421	81 
4422	96 
4423	118 
4424	91 
4425	8 
4426	90 
4427	132 
4428	49 
4429	86 
4430	85 
4431	54 
4432	2 
4433	94 
4434	114 
4435	94 
4436	130 133 
4437	126 
4438	19 
4439	13 
4440	19 45 
4441	86 145 
4442	89 
4443	9 
4444	73 
4445	108 
4446	8 
4447	35 
4448	65 
4449	110 
4450	31 
4451	96 
4452	96 
4453	36 
4454	55 
4455	108 
4456	123 
4457	15 
4458	131 
4459	19 130 
4460	42 
4461	104 
4462	43 
4463	104 
4464	124 
4465	30 
4466	31 
4467	99 
4468	82 
4469	36 
4470	72 
4471	83 
4472	108 
4473	114 
4474	21 
4475	118 
4476	86 
4477	13 
4478	14 
4479	47 
4480	57 
4481	41 
4482	71 
4483	22 
4484	137 
4485	57 110 
4486	139 
4487	143 
4488	38 116 
4489	98 
4490	100 
4491	147 
4492	91 
4493	85 
4494	32 
4495	116 
4496	66 103 
4497	24 111 
4498	145 
4499	90 
4500	144 
4501	48 
4502	142 
4503	80 
4504	54 
4505	68 
4506	6 
4507	3 
4508	19 
4509	24 
4510	92 136 
4511	58 
4512	145 
4513	96 
4514	54 
4515	137 
4516	99 148 
4517	93 
4518	8 
4519	97 
4520	143 
4521	131 
4522	91 
4523	65 
4524	19 111 
4525	138 
4526	111 
4527	102 
4528	119 
4529	64 
4530	15 
4531	35 
4532	114 
4533	15 53 
4534	8 
4535	58 
4536	57 
4537	128 
4538	27 
4539	68 132 
4540	82 
4541	127 
4542	78 
4543	40 
4544	24 
4545	44 
4546	36 
4547	142 
4548	54 
4549	77 
4550	147 
4551	92 
4552	105 
4553	86 
4554	6 
4555	19 
4556	80 
4557	104 109 
4558	51 
4559	1 113 
4560	54 96 
4561	29 145 
4562	52 
4563	8 
4564	107 
4565	85 
4566	54 
4567	37 
4568	10 
4569	45 
4570	68 
4571	71 
4572	34 
4573	19 
4574	92 133 
4575	58 
4576	94 
4577	134 
4578	15 51 
4579	65 
4580	48 
4581	119 
4582	114 
4583	33 
4584	64 
4585	129 
4586	86 
4587	133 
4588	53 
4589	145 
4590	21 
4591	122 
4592	48 
4593	11 
4594	88 
4595	148 
4596	53 
4597	24 
4598	34 
4599	19 
4600	86 
4601	144 
4602	52 
4603	138 
4604	129 
4605	23 
4606	114 
4607	54 
4608	85 
4609	7 
4610	144 
4611	79 
4612	31 
4613	78 
4614	139 
4615	26 44 
4616	49 
4617	80 
4618	116 
4619	74 125 
4620	39 
4621	31 
4622	22 
4623	107 
4624	66 
4625	69 
4626	112 
4627	148 
4628	27 
4629	57 
4630	114 
4631	88 142 
4632	112 
4633	73 
4634	49 
4635	30 
4636	71 
4637	104 
4638	1 19 
4639	34 
4640	133 
4641	37 
4642	48 
4643	3 
4644	108 
4645	71 
4646	89 
4647	131 
4648	129 
4649	137 
4650	43 
4651	14 
4652	74 
4653	16 
4654	106 
4655	103 
4656	19 
4657	142 
4658	142 
4659	111 
4660	144 
4661	98 
4662	85 
4663	53 
4664	38 
4665	32 
4666	54 
4667	133 
4668	45 
4669	102 
4670	118 
4671	38 111 
4672	44 
4673	73 
4674	37 
4675	63 
4676	2 
4677	114 
4678	85 122 
4679	73 
4680	72 
4681	40 
4682	16 
4683	92 
4684	23 
4685	27 
4686	25 
4687	132 
4688	137 
4689	111 144 
4690	52 
4691	2 
4692	52 
4693	108 
4694	24 
4695	51 
4696	114 
4697	27 
4698	47 
4699	75 
4700	44 
4701	119 
4702	22 
4703	126 
4704	75 
4705	14 
4706	103 
4707	51 
4708	73 
4709	17 
4710	42 
4711	35 
4712	142 
4713	88 
4714	141 
4715	145 
4716	1 
4717	102 
4718	30 
4719	148 
4720	109 
4721	103 
4722	95 125 
4723	18 
4724	122 
4725	77 
4726	81 
4727	145 
4728	132 
4729	108 
4730	84 
4731	52 65 
4732	103 
4733	18 19 
4734	82 
4735	19 
4736	129 
4737	118 
4738	90 
4739	51 
4740	52 
4741	110 
4742	25 
4743	64 
4744	49 
4745	123 
4746	118 
4747	58 
4748	118 
4749	53 
4750	57 
4751	6 
4752	61 83 
4753	33 
4754	29 
4755	114 
4756	34 
4757	19 
4758	38 
4759	52 134 
4760	148 
4761	75 
4762	115 144 
4763	142 
4764	119 
4765	126 
4766	111 
4767	147 
4768	148 
4769	33 
4770	96 
4771	65 
4772	32 
4773	38 
4774	52 
4775	95 
4776	6 145 
4777	49 
4778	50 
4779	72 
4780	75 
4781	33 126 
4782	91 
4783	61 
4784	108 
4785	127 
4786	51 
4787	134 
4788	142 
4789	8 
4790	67 90 
4791	42 
4792	128 
4793	119 
4794	114 
4795	51 
4796	34 
4797	69 
4798	49 
4799	110 
4800	57 
4801	66 
4802	35 
4803	8 110 
4804	60 
4805	10 
4806	67 100 
4807	19 
4808	145 
4809	116 
4810	49 
4811	33 
4812	103 
4813	115 
4814	111 
4815	13 
4816	126 
4817	110 
4818	4 
4819	98 
4820	29 
4821	119 
4822	19 
4823	46 
4824	113 
4825	90 
4826	64 125 
4827	88 
4828	24 
4829	61 
4830	19 
4831	28 
4832	62 
4833	111 
4834	91 
4835	29 42 
4836	86 
4837	132 
4838	19 
4839	46 121 
4840	66 
4841	65 
4842	96 
4843	92 
4844	145 
4845	23 
4846	51 
4847	52 
4848	29 
4849	10 
4850	114 
4851	113 
4852	49 
4853	64 
4854	146 
4855	29 
4856	126 
4857	33 
4858	55 
4859	22 64 
4860	69 
4861	1 
4862	97 
4863	108 
4864	133 
4865	119 
4866	64 
4867	38 
4868	29 
4869	19 
4870	138 
4871	6 
4872	131 
4873	24 29 
4874	43 
4875	117 
4876	118 
4877	85 
4878	1 
4879	144 145 
4880	61 
4881	73 
4882	76 126 
4883	77 
4884	18 
4885	144 
4886	136 
4887	11 
4888	121 
4889	24 
4890	18 
4891	55 
4892	110 
4893	86 103 
4894	111 
4895	49 
4896	99 
4897	103 
4898	105 
4899	108 
4900	35 
4901	131 
4902	103 
4903	99 109 
4904	46 
4905	125 
4906	57 
4907	58 
4908	49 
4909	68 
4910	97 
4911	93 
4912	49 
4913	103 
4914	73 
4915	123 
4916	147 
4917	19 
4918	125 
4919	121 
4920	3 
4921	130 
4922	101 
4923	48 
4924	100 
4925	118 
4926	24 51 
4927	2 
4928	94 
4929	52 
4930	102 
4931	12 
4932	19 
4933	31 
4934	49 
4935	62 
4936	75 
4937	74 
4938	100 139 
4939	80 
4940	30 
4941	40 
4942	58 137 
4943	110 
4944	121 
4945	131 
4946	142 
4947	106 
4948	128 
4949	69 
4950	106 
4951	74 121 
4952	2 73 
4953	80 
4954	76 
4955	83 
4956	53 
4957	49 
4958	33 
4959	115 
4960	23 
4961	2 
4962	41 105 
4963	97 
4964	19 80 
4965	64 
4966	33 92 
4967	100 
4968	9 90 
4969	114 
4970	64 
4971	60 
4972	49 
4973	6 52 
4974	86 92 
4975	57 
4976	76 107 
4977	109 
4978	18 
4979	125 
4980	51 141 
4981	2 
4982	14 
4983	96 
4984	71 
4985	37 
4986	24 121 
4987	5 
4988	103 
4989	8 65 
4990	142 
4991	133 
4992	103 
4993	38 
4994	110 
4995	99 
4996	108 
4997	77 
4998	103 
4999	54 
5000	130 
5001	30 
5002	93 
5003	78 
5004	89 
5005	6 
5006	27 
5007	110 
5008	116 
5009	98 
5010	65 126 
5011	110 
5012	73 133 
5013	114 
5014	125 
5015	144 
5016	60 100 
5017	14 52 
5018	124 
5019	25 137 
5020	138 
5021	122 
5022	123 
5023	125 
5024	2 148 
5025	52 
5026	144 
5027	13 110 
5028	24 
5029	41 85 
5030	124 
5031	12 
5032	96 
5033	32 
5034	121 
5035	92 110 
5036	10 
5037	64 
5038	128 143 
5039	108 
5040	43 
5041	52 
5042	52 
5043	36 
5044	53 
5045	93 
5046	65 
5047	125 
5048	118 
5049	48 
5050	142 
5051	148 
5052	83 
5053	8 
5054	43 
5055	33 
5056	72 
5057	21 
5058	130 
5059	21 
5060	95 
5061	7 137 
5062	133 
5063	50 
5064	16 
5065	20 24 
5066	145 
5067	126 
5068	29 52 
5069	91 
5070	75 
5071	107 
5072	64 
5073	54 125 
5074	125 
5075	38 
5076	9 
5077	26 
5078	122 
5079	48 
5080	72 
5081	24 59 
5082	2 
5083	41 
5084	100 
5085	19 
5086	8 
5087	65 
5088	137 
5089	81 
5090	118 
5091	107 
5092	99 
5093	133 
5094	61 
5095	125 
5096	89 
5097	33 
5098	54 
5099	44 
5100	80 92 
5101	102 
5102	21 
5103	31 
5104	100 
5105	102 128 
5106	125 
5107	147 
5108	139 
5109	44 
5110	49 
5111	33 
5112	34 
5113	91 
5114	113 
5115	57 
5116	56 
5117	121 
5118	67 
5119	7 
5120	141 
5121	148 
5122	44 
5123	33 
5124	96 
5125	49 
5126	57 
5127	65 144 
5128	123 
5129	123 
5130	105 
5131	31 
5132	6 96 
5133	127 
5134	138 
5135	108 
5136	31 
5137	14 
5138	25 
5139	96 
5140	61 
5141	27 
5142	23 
5143	122 
5144	30 
5145	121 
5146	62 
5147	54 
5148	64 86 
5149	53 
5150	19 
5151	97 
5152	94 
5153	103 
5154	1 
5155	87 
5156	107 
5157	69 
5158	96 
5159	3 
5160	2 
5161	131 
5162	51 
5163	44 
5164	32 
5165	83 
5166	19 
5167	34 
5168	129 
5169	18 114 
5170	58 
5171	111 
5172	55 
5173	123 
5174	14 
5175	73 
5176	110 
5177	70 
5178	82 
5179	121 
5180	138 
5181	133 
5182	144 
5183	128 
5184	134 
5185	147 
5186	24 26 
5187	137 
5188	124 
5189	110 
5190	126 
5191	72 
5192	111 
5193	119 123 
5194	64 
5195	65 
5196	113 
5197	85 
5198	125 
5199	6 
5200	52 
5201	64 137 
5202	139 
5203	122 
5204	44 
5205	86 
5206	51 
5207	14 
5208	108 
5209	42 
5210	96 
5211	9 
5212	80 
5213	11 
5214	98 125 
5215	94 
5216	85 
5217	80 
5218	142 147 
5219	41 142 
5220	58 119 
5221	4 
5222	32 121 
5223	61 
5224	44 
5225	44 
5226	65 
5227	44 
5228	8 
5229	126 
5230	33 
5231	2 103 
5232	114 
5233	57 
5234	2 52 
5235	107 
5236	24 
5237	3 
5238	22 
5239	65 
5240	137 
5241	142 
5242	62 
5243	71 125 
5244	24 
5245	54 
5246	130 
5247	7 
5248	145 
5249	23 25 
5250	94 
5251	66 
5252	52 114 
5253	96 
5254	52 
5255	75 
5256	64 
5257	23 
5258	58 
5259	109 
5260	32 
5261	118 
5262	129 
5263	119 
5264	1 
5265	14 
5266	2 
5267	86 
5268	44 
5269	11 64 
5270	21 
5271	11 
5272	21 
5273	39 
5274	65 
5275	111 
5276	85 
5277	89 
5278	51 
5279	52 
5280	27 
5281	80 
5282	125 
5283	41 57 
5284	66 
5285	69 
5286	74 
5287	144 
5288	27 
5289	125 
5290	9 
5291	129 
5292	70 
5293	137 
5294	45 
5295	142 
5296	27 148 
5297	121 
5298	135 
5299	94 
5300	64 
5301	57 
5302	52 
5303	70 
5304	147 
5305	125 
5306	108 
5307	123 
5308	88 
5309	138 
5310	129 
5311	69 
5312	21 
5313	17 
5314	74 103 
5315	53 
5316	137 
5317	21 
5318	73 
5319	21 
5320	101 
5321	121 
5322	106 
5323	121 
5324	111 
5325	125 
5326	21 
5327	64 
5328	138 
5329	13 137 
5330	91 108 
5331	30 108 
5332	107 121 
5333	114 
5334	21 
5335	44 
5336	53 
5337	23 53 
5338	108 
5339	102 
5340	41 
5341	4 
5342	71 
5343	13 
5344	138 
5345	45 
5346	113 
5347	104 
5348	1 
5349	38 
5350	77 
5351	133 
5352	75 
5353	53 
5354	96 
5355	27 
5356	6 
5357	20 
5358	125 
5359	54 
5360	6 70 
5361	130 
5362	44 
5363	24 
5364	97 126 
5365	67 
5366	43 136 
5367	91 
5368	91 
5369	75 
5370	23 52 
5371	24 
5372	145 
5373	103 
5374	143 
5375	8 
5376	30 
5377	96 
5378	8 
5379	125 
5380	138 
5381	103 145 
5382	13 
5383	65 
5384	116 
5385	48 
5386	14 
5387	122 
5388	118 
5389	74 
5390	135 
5391	148 
5392	52 
5393	33 
5394	136 
5395	77 
5396	129 
5397	14 123 
5398	107 
5399	89 
5400	103 
5401	59 
5402	34 
5403	126 
5404	12 
5405	45 
5406	37 
5407	69 
5408	126 
5409	69 
5410	2 
5411	80 
5412	114 
5413	69 
5414	90 
5415	90 
5416	85 
5417	80 
5418	25 
5419	110 
5420	119 
5421	64 
5422	51 
5423	138 
5424	32 128 
5425	58 
5426	103 
5427	54 
5428	23 
5429	8 
5430	125 
5431	38 
5432	85 
5433	125 
5434	25 
5435	21 
5436	30 
5437	88 
5438	78 
5439	96 
5440	13 
5441	86 
5442	74 
5443	92 
5444	68 
5445	145 
5446	81 
5447	110 
5448	67 
5449	51 
5450	85 
5451	24 
5452	44 
5453	113 
5454	92 
5455	1 
5456	114 
5457	31 
5458	121 
5459	44 
5460	6 
5461	4 
5462	22 24 
5463	108 
5464	45 122 
5465	21 98 
5466	107 
5467	21 
5468	120 
5469	58 
5470	33 
5471	138 
5472	52 
5473	11 
5474	78 
5475	99 121 
5476	131 
5477	148 
5478	95 
5479	30 
5480	24 
5481	145 
5482	53 
5483	46 
5484	108 
5485	61 
5486	111 
5487	52 
5488	96 
5489	108 
5490	100 
5491	104 
5492	61 
5493	70 
5494	84 
5495	64 
5496	2 
5497	108 
5498	54 
5499	138 
5500	107 
5501	121 
5502	71 
5503	114 
5504	123 
5505	80 
5506	5 36 
5507	144 
5508	21 
5509	119 
5510	59 
5511	18 
5512	55 
5513	33 92 
5514	64 128 
5515	6 
5516	32 
5517	44 
5518	64 
5519	24 
5520	86 
5521	119 
5522	2 64 
5523	37 
5524	6 
5525	58 
5526	99 
5527	1 15 
5528	126 
5529	13 
5530	66 
5531	31 
5532	135 
5533	63 
5534	22 
5535	36 
5536	85 
5537	73 
5538	41 
5539	71 
5540	77 
5541	49 
5542	80 
5543	121 148 
5544	53 
5545	73 
5546	141 
5547	13 
5548	23 
5549	100 
5550	136 
5551	34 
5552	18 
5553	147 
5554	125 
5555	111 
5556	96 
5557	144 
5558	57 
5559	98 
5560	88 
5561	96 
5562	89 
5563	106 
5564	49 
5565	116 
5566	122 
5567	108 
5568	102 
5569	53 
5570	23 
5571	65 
5572	30 53 
5573	21 
5574	60 
5575	74 
5576	133 142 
5577	89 
5578	21 
5579	91 
5580	11 103 
5581	99 
5582	33 
5583	44 
5584	72 113 
5585	76 
5586	51 
5587	89 
5588	80 
5589	97 
5590	110 
5591	51 
5592	65 
5593	68 
5594	111 
5595	97 
5596	105 
5597	23 
5598	93 
5599	97 
5600	24 54 
5601	100 
5602	25 49 
5603	45 
5604	86 
5605	63 
5606	75 
5607	114 
5608	37 
5609	86 
5610	79 
5611	103 
5612	85 
5613	23 
5614	19 
5615	117 
5616	64 
5617	129 
5618	49 
5619	25 
5620	110 
5621	31 
5622	30 
5623	73 
5624	107 
5625	105 
5626	54 
5627	124 
5628	6 
5629	77 
5630	72 
5631	22 
5632	71 
5633	19 
5634	125 
5635	31 
5636	27 
5637	18 
5638	21 
5639	102 
5640	19 
5641	57 
5642	85 
5643	48 
5644	118 
5645	8 
5646	75 
5647	148 
5648	6 
5649	114 
5650	108 
5651	138 
5652	145 
5653	114 
5654	100 
5655	44 
5656	49 
5657	68 
5658	38 
5659	148 
5660	33 
5661	3 
5662	136 
5663	111 
5664	52 
5665	64 
5666	51 
5667	107 
5668	24 
5669	94 110 
5670	57 
5671	80 
5672	31 
5673	107 
5674	107 
5675	33 
5676	43 45 
5677	110 
5678	141 
5679	34 66 
5680	69 
5681	19 
5682	69 
5683	53 
5684	19 
5685	1 148 
5686	81 
5687	80 
5688	86 110 
5689	95 
5690	75 
5691	81 
5692	140 
5693	57 
5694	6 
5695	108 
5696	41 
5697	121 
5698	70 133 
5699	142 
5700	70 
5701	68 
5702	107 
5703	111 
5704	92 
5705	53 
5706	8 
5707	37 
5708	114 
5709	128 
5710	2 
5711	30 
5712	82 
5713	74 
5714	40 
5715	133 
5716	63 
5717	69 
5718	142 
5719	136 
5720	19 
5721	85 
5722	102 
5723	144 
5724	131 
5725	127 
5726	74 
5727	137 
5728	24 
5729	137 
5730	65 
5731	148 
5732	34 121 
5733	48 
5734	8 
5735	97 
5736	44 
5737	142 
5738	14 143 
5739	80 
5740	6 
5741	142 
5742	8 
5743	147 
5744	89 
5745	57 
5746	63 
5747	84 
5748	86 
5749	72 
5750	40 
5751	113 
5752	43 
5753	69 
5754	71 
5755	61 
5756	51 
5757	59 
5758	22 36 
5759	65 
5760	99 
5761	96 99 
5762	91 114 
5763	1 
5764	13 
5765	110 
5766	1 
5767	44 
5768	148 
5769	111 
5770	52 
5771	94 
5772	46 
5773	119 
5774	127 
5775	13 57 
5776	77 
5777	30 
5778	71 91 
5779	27 
5780	114 
5781	22 
5782	148 
5783	33 
5784	20 68 
5785	44 
5786	29 
5787	66 
5788	148 
5789	126 
5790	110 
5791	38 118 
5792	29 
5793	22 
5794	114 
5795	142 
5796	130 
5797	22 
5798	134 
5799	49 73 
5800	111 
5801	4 
5802	125 
5803	11 
5804	103 
5805	94 
5806	137 
5807	82 
5808	68 
5809	88 
5810	119 
5811	143 
5812	44 
5813	52 
5814	137 
5815	75 
5816	6 123 
5817	58 
5818	49 
5819	33 
5820	78 
5821	78 
5822	24 
5823	51 54 
5824	116 
5825	21 
5826	70 
5827	77 79 
5828	49 
5829	24 
5830	39 
5831	93 
5832	128 
5833	118 
5834	43 
5835	138 
5836	143 
5837	139 
5838	72 110 
5839	110 
5840	33 
5841	121 
5842	75 
5843	53 
5844	99 
5845	7 
5846	52 
5847	9 24 
5848	86 114 
5849	142 
5850	137 
5851	80 
5852	99 110 
5853	129 
5854	110 142 
5855	130 
5856	144 
5857	122 126 
5858	54 144 
5859	107 
5860	125 
5861	92 
5862	36 
5863	130 
5864	69 
5865	8 
5866	65 
5867	90 
5868	125 
5869	97 
5870	81 
5871	19 
5872	30 
5873	42 
5874	65 
5875	64 
5876	137 
5877	125 
5878	97 
5879	137 
5880	85 99 
5881	27 
5882	52 
5883	13 
5884	46 
5885	113 
5886	137 
5887	121 
5888	33 
5889	29 
5890	129 
5891	2 
5892	85 
5893	144 
5894	18 
5895	75 
5896	108 110 
5897	145 
5898	43 
5899	122 
5900	113 
5901	80 
5902	43 147 
5903	4 
5904	49 
5905	64 
5906	51 
5907	80 
5908	125 
5909	39 
5910	56 
5911	68 
5912	68 
5913	87 
5914	23 
5915	77 
5916	66 
5917	140 
5918	86 
5919	148 
5920	57 
5921	45 
5922	26 
5923	121 
5924	114 
5925	8 
5926	24 
5927	76 
5928	29 
5929	1 
5930	26 
5931	6 
5932	21 
5933	69 
5934	73 
5935	89 
5936	105 
5937	142 
5938	59 
5939	130 
5940	81 
5941	76 
5942	43 
5943	142 
5944	10 
5945	2 
5946	31 
5947	66 
5948	33 
5949	73 
5950	80 
5951	103 
5952	115 
5953	84 
5954	6 
5955	79 
5956	125 
5957	52 
5958	19 65 
5959	3 
5960	65 
5961	21 
5962	67 
5963	111 
5964	49 
5965	52 
5966	103 
5967	103 
5968	39 
5969	125 142 
5970	32 
5971	19 140 
5972	54 
5973	96 
5974	56 
5975	97 
5976	73 
5977	92 
5978	110 
5979	123 
5980	126 
5981	1 
5982	58 
5983	125 
5984	53 
5985	148 
5986	63 
5987	58 
5988	102 
5989	16 84 
5990	125 
5991	33 
5992	46 
5993	99 
5994	83 
5995	34 
5996	54 
5997	75 
5998	58 
5999	96 
6000	49 
6001	80 
6002	2 
6003	21 
6004	1 
6005	55 
6006	126 
6007	6 
6008	64 
6009	66 
6010	97 
6011	64 
6012	10 
6013	85 
6014	107 
6015	3 68 
6016	82 
6017	23 
6018	8 
6019	75 
6020	119 
6021	97 
6022	27 
6023	105 
6024	39 
6025	52 
6026	58 
6027	88 
6028	102 
6029	44 
6030	30 89 
6031	142 
6032	53 
6033	131 
6034	77 
6035	49 
6036	27 
6037	14 52 
6038	90 
6039	125 
6040	125 
6041	103 
6042	122 
6043	33 
6044	49 
6045	62 
6046	110 
6047	25 
6048	86 
6049	63 
6050	49 
6051	49 
6052	142 
6053	91 
6054	22 
6055	59 110 
6056	7 
6057	57 
6058	14 25 
6059	89 
6060	36 
6061	96 
6062	144 
6063	16 
6064	27 
6065	93 
6066	60 
6067	48 
6068	57 
6069	115 
6070	61 
6071	71 
6072	144 
6073	48 85 
6074	29 
6075	54 103 
6076	56 
6077	54 
6078	70 
6079	111 
6080	72 92 
6081	123 
6082	105 
6083	93 
6084	65 
6085	43 
6086	121 125 
6087	90 
6088	110 
6089	125 
6090	65 
6091	125 
6092	44 127 
6093	72 
6094	80 
6095	21 
6096	143 
6097	8 
6098	51 
6099	144 
6100	58 
6101	88 
6102	133 
6103	137 
6104	97 
6105	103 148 
6106	13 
6107	86 
6108	24 
6109	92 
6110	13 
6111	22 
6112	78 
6113	85 
6114	144 
6115	55 
6116	144 
6117	22 
6118	124 
6119	103 
6120	110 
6121	31 
6122	140 
6123	148 
6124	21 
6125	14 
6126	144 
6127	110 
6128	96 
6129	32 
6130	76 
6131	111 
6132	52 
6133	42 
6134	26 
6135	44 
6136	27 85 
6137	53 83 
6138	91 
6139	65 
6140	44 
6141	110 
6142	108 
6143	51 62 
6144	121 
6145	19 
6146	50 52 
6147	137 
6148	131 
6149	54 
6150	121 
6151	18 
6152	31 
6153	46 
6154	42 
6155	142 
6156	71 
6157	72 148 
6158	148 
6159	118 
6160	6 
6161	92 
6162	89 
6163	51 
6164	9 
6165	29 
6166	99 
6167	66 137 
6168	110 
6169	60 
6170	42 
6171	52 107 
6172	36 
6173	8 
6174	122 
6175	75 
6176	85 
6177	18 
6178	8 
6179	147 
6180	144 
6181	77 
6182	124 
6183	88 
6184	27 
6185	90 
6186	148 
6187	145 
6188	133 
6189	90 
6190	131 
6191	105 
6192	46 
6193	21 144 
6194	54 
6195	24 
6196	34 
6197	1 57 
6198	77 
6199	82 
6200	110 
6201	140 
6202	119 
6203	143 
6204	140 
6205	24 
6206	93 
6207	25 
6208	142 
6209	127 
6210	75 
6211	110 
6212	52 
6213	111 
6214	75 
6215	106 
6216	65 
6217	64 
6218	126 
6219	54 
6220	110 
6221	7 
6222	1 
6223	33 
6224	58 
6225	24 
6226	145 
6227	26 
6228	83 
6229	86 121 
6230	119 
6231	102 
6232	14 
6233	141 
6234	99 
6235	122 
6236	45 
6237	46 
6238	100 
6239	83 
6240	90 
6241	23 
6242	103 
6243	32 
6244	45 
6245	137 
6246	110 
6247	145 
6248	85 
6249	53 
6250	64 99 
6251	42 
6252	147 
6253	27 
6254	7 
6255	38 
6256	2 
6257	47 80 
6258	119 
6259	134 
6260	85 
6261	118 
6262	45 
6263	79 
6264	75 
6265	81 
6266	148 
6267	111 
6268	114 
6269	68 
6270	70 
6271	21 
6272	53 
6273	146 
6274	47 
6275	103 
6276	100 
6277	44 108 
6278	76 121 
6279	2 
6280	28 52 
6281	148 
6282	111 
6283	143 
6284	61 
6285	143 
6286	115 
6287	93 121 
6288	44 
6289	60 
6290	28 
6291	111 
6292	21 
6293	6 
6294	22 
6295	80 
6296	19 
6297	61 
6298	21 
6299	97 
6300	32 100 
6301	119 
6302	21 
6303	74 
6304	124 
6305	14 
6306	108 
6307	85 119 
6308	24 
6309	138 
6310	24 
6311	49 
6312	96 
6313	51 
6314	24 
6315	64 
6316	102 
6317	77 
6318	108 
6319	142 
6320	96 
6321	2 
6322	80 
6323	80 
6324	2 
6325	77 
6326	65 
6327	14 
6328	77 
6329	44 
6330	110 137 
6331	120 
6332	106 
6333	48 
6334	7 
6335	61 
6336	131 
6337	79 
6338	122 
6339	14 
6340	58 
6341	105 
6342	19 
6343	106 
6344	147 
6345	68 
6346	111 
6347	48 
6348	110 
6349	114 
6350	106 
6351	136 
6352	60 
6353	23 
6354	91 
6355	146 
6356	142 
6357	49 
6358	1 
6359	111 
6360	32 
6361	20 
6362	147 
6363	114 
6364	96 
6365	103 
6366	51 
6367	27 
6368	31 
6369	102 103 
6370	51 90 
6371	99 
6372	137 
6373	139 
6374	19 
6375	49 
6376	127 
6377	48 
6378	103 
6379	61 
6380	68 
6381	75 
6382	64 
6383	111 
6384	147 
6385	97 
6386	70 
6387	115 
6388	45 
6389	44 
6390	2 
6391	13 
6392	45 143 
6393	80 
6394	27 114 
6395	23 
6396	16 
6397	71 
6398	70 
6399	24 
6400	38 
6401	146 
6402	131 
6403	8 70 
6404	110 
6405	3 5 
6406	125 137 
6407	119 
6408	110 
6409	99 
6410	33 
6411	61 
6412	41 
6413	118 
6414	89 
6415	2 
6416	121 
6417	44 
6418	70 
6419	108 
6420	14 
6421	54 
6422	65 
6423	125 
6424	142 
6425	92 
6426	121 
6427	10 
6428	65 
6429	98 
6430	33 
6431	6 54 
6432	27 
6433	132 
6434	126 
6435	119 
6436	91 
6437	6 
6438	94 
6439	113 
6440	24 
6441	141 
6442	66 
6443	28 142 
6444	21 29 
6445	137 
6446	112 
6447	113 
6448	49 
6449	31 
6450	95 
6451	102 
6452	54 126 
6453	37 
6454	24 122 
6455	6 
6456	27 
6457	29 
6458	21 
6459	144 
6460	27 
6461	38 129 
6462	93 
6463	137 
6464	141 
6465	125 
6466	52 
6467	90 
6468	6 
6469	52 
6470	52 
6471	63 
6472	58 
6473	125 127 
6474	122 
6475	30 
6476	111 
6477	109 125 
6478	99 
6479	124 
6480	103 
6481	7 
6482	44 
6483	1 25 
6484	96 
6485	49 
6486	32 
6487	80 
6488	71 
6489	14 
6490	2 
6491	10 
6492	114 
6493	48 
6494	141 
6495	22 
6496	21 
6497	103 
6498	1 
6499	61 
6500	122 
6501	48 
6502	134 
6503	78 
6504	70 114 
6505	121 
6506	21 
6507	67 104 
6508	145 
6509	99 
6510	107 
6511	29 
6512	53 
6513	45 
6514	135 
6515	36 
6516	29 
6517	33 
6518	71 
6519	142 
6520	54 
6521	18 77 
6522	49 
6523	109 
6524	148 
6525	54 
6526	110 
6527	106 
6528	100 
6529	64 
6530	144 
6531	33 
6532	130 
6533	80 
6534	80 
6535	15 
6536	130 
6537	92 
6538	49 
6539	57 
6540	45 
6541	52 
6542	44 
6543	100 
6544	14 
6545	64 
6546	30 
6547	54 
6548	86 
6549	57 
6550	49 
6551	124 
6552	91 
6553	103 
6554	91 
6555	51 
6556	115 
6557	111 
6558	2 
6559	47 
6560	51 
6561	37 
6562	73 
6563	2 
6564	34 77 
6565	91 
6566	65 81 
6567	30 
6568	105 
6569	49 
6570	102 
6571	2 
6572	70 
6573	119 
6574	65 
6575	69 
6576	18 
6577	2 
6578	114 
6579	73 106 
6580	46 
6581	127 
6582	48 
6583	88 140 
6584	118 
6585	71 
6586	85 
6587	135 
6588	80 
6589	123 
6590	100 
6591	64 96 
6592	9 38 
6593	33 
6594	135 
6595	52 
6596	142 
6597	145 
6598	64 
6599	93 
6600	89 
6601	51 
6602	20 
6603	107 
6604	6 
6605	73 
6606	94 
6607	111 
6608	56 91 
6609	80 
6610	112 
6611	111 
6612	21 
6613	102 
6614	1 
6615	92 
6616	24 58 
6617	70 
6618	54 
6619	8 
6620	6 
6621	65 
6622	102 
6623	1 
6624	19 
6625	7 128 
6626	48 
6627	71 
6628	138 
6629	67 
6630	106 
6631	8 
6632	52 
6633	8 
6634	42 
6635	2 137 
6636	129 
6637	69 
6638	99 
6639	96 
6640	106 
6641	96 
6642	27 
6643	65 
6644	125 
6645	130 
6646	26 
6647	142 
6648	79 
6649	23 
6650	116 
6651	145 
6652	7 
6653	85 
6654	21 
6655	130 
6656	105 
6657	95 
6658	148 
6659	130 
6660	71 
6661	8 
6662	121 
6663	8 
6664	96 
6665	135 
6666	148 
6667	85 
6668	6 
6669	124 
6670	96 142 
6671	69 
6672	114 
6673	66 
6674	109 
6675	106 
6676	137 
6677	99 
6678	32 
6679	44 
6680	33 
6681	107 
6682	54 
6683	30 
6684	80 148 
6685	76 
6686	21 
6687	24 
6688	13 
6689	30 
6690	45 123 
6691	142 
6692	20 
6693	100 
6694	77 
6695	43 
6696	22 48 
6697	109 
6698	13 
6699	69 
6700	123 
6701	120 
6702	95 
6703	89 
6704	91 
6705	10 137 
6706	27 
6707	100 
6708	73 
6709	86 
6710	52 
6711	16 24 
6712	34 
6713	118 
6714	2 
6715	37 
6716	74 
6717	26 
6718	31 
6719	96 
6720	79 
6721	19 
6722	70 
6723	44 
6724	126 
6725	103 
6726	6 
6727	128 
6728	125 
6729	10 
6730	16 
6731	91 
6732	49 
6733	45 
6734	9 
6735	74 
6736	142 
6737	90 
6738	76 
6739	4 
6740	96 
6741	19 
6742	64 
6743	121 
6744	67 
6745	31 
6746	105 
6747	128 
6748	139 
6749	48 70 
6750	86 
6751	71 
6752	85 
6753	90 
6754	95 
6755	49 
6756	65 116 
6757	66 
6758	1 
6759	88 
6760	147 
6761	71 
6762	80 
6763	53 
6764	79 
6765	87 
6766	60 
6767	78 
6768	57 113 
6769	102 
6770	31 
6771	58 
6772	75 
6773	38 
6774	51 
6775	73 
6776	30 
6777	44 
6778	53 119 
6779	94 
6780	49 
6781	32 
6782	54 
6783	49 
6784	27 
6785	73 
6786	119 
6787	32 
6788	142 
6789	66 93 
6790	10 
6791	100 
6792	88 
6793	114 
6794	14 
6795	119 
6796	21 
6797	75 103 
6798	20 
6799	92 
6800	114 
6801	109 
6802	27 
6803	114 
6804	24 
6805	1 129 
6806	114 
6807	75 
6808	108 
6809	111 141 
6810	94 
6811	86 
6812	50 
6813	85 
6814	110 
6815	68 
6816	126 
6817	125 
6818	49 
6819	24 
6820	70 
6821	42 
6822	139 
6823	21 
6824	73 
6825	30 91 
6826	94 
6827	86 
6828	91 
6829	36 110 
6830	48 
6831	15 
6832	81 
6833	64 
6834	37 
6835	125 
6836	83 
6837	8 
6838	13 96 
6839	98 
6840	90 
6841	46 
6842	21 
6843	53 
6844	92 
6845	65 102 
6846	78 
6847	90 
6848	61 
6849	70 
6850	64 68 
6851	113 
6852	33 
6853	67 
6854	59 
6855	45 
6856	125 
6857	21 63 
6858	109 
6859	57 
6860	114 
6861	122 
6862	91 
6863	96 
6864	146 
6865	33 
6866	108 
6867	77 
6868	78 
6869	56 
6870	92 
6871	54 
6872	90 
6873	40 82 
6874	53 
6875	30 
6876	123 
6877	90 
6878	142 
6879	81 
6880	134 
6881	99 
6882	105 
6883	133 142 
6884	110 
6885	96 
6886	31 
6887	70 
6888	147 
6889	114 
6890	70 
6891	134 
6892	121 
6893	7 44 
6894	66 
6895	137 
6896	122 
6897	45 
6898	97 
6899	74 
6900	101 
6901	75 
6902	128 
6903	88 
6904	87 
6905	145 
6906	77 
6907	130 
6908	72 
6909	19 
6910	103 
6911	1 
6912	8 
6913	8 
6914	8 
6915	81 
6916	7 
6917	73 
6918	70 
6919	66 
6920	124 
6921	26 44 
6922	24 
6923	98 
6924	31 
6925	115 
6926	73 
6927	120 
6928	11 
6929	45 
6930	92 
6931	2 
6932	114 
6933	126 
6934	17 
6935	20 
6936	50 
6937	90 
6938	63 110 
6939	75 
6940	132 144 
6941	30 
6942	107 
6943	84 
6944	100 
6945	34 
6946	36 
6947	71 
6948	142 
6949	52 67 
6950	69 
6951	124 
6952	41 
6953	33 
6954	119 
6955	55 
6956	71 
6957	108 
6958	136 
6959	86 144 
6960	121 
6961	125 
6962	71 
6963	3 66 
6964	90 
6965	64 
6966	46 
6967	6 
6968	114 
6969	12 
6970	38 
6971	103 
6972	39 70 
6973	75 
6974	92 
6975	75 
6976	7 
6977	38 
6978	89 
6979	103 
6980	1 
6981	89 
6982	115 
6983	65 
6984	99 
6985	24 114 
6986	125 
6987	103 
6988	112 
6989	86 
6990	4 
6991	105 
6992	144 
6993	136 
6994	35 110 
6995	33 
6996	8 
6997	93 
6998	107 
6999	137 
7000	54 
7001	53 
7002	3 
7003	70 
7004	38 
7005	92 
7006	147 
7007	24 
7008	132 
7009	77 
7010	90 
7011	54 
7012	137 
7013	126 
7014	27 
7015	44 99 
7016	32 
7017	49 76 
7018	1 
7019	114 
7020	68 
7021	2 
7022	38 
7023	43 
7024	96 
7025	48 
7026	126 
7027	19 103 
7028	77 
7029	59 
7030	121 
7031	38 
7032	64 
7033	121 
7034	31 
7035	125 
7036	70 
7037	52 
7038	137 
7039	44 
7040	12 
7041	66 
7042	54 
7043	142 
7044	7 
7045	44 
7046	14 
7047	122 
7048	91 
7049	70 
7050	6 
7051	97 
7052	147 
7053	96 
7054	1 
7055	49 
7056	20 
7057	51 92 
7058	44 
7059	52 
7060	53 
7061	91 
7062	138 
7063	103 
7064	118 
7065	144 
7066	52 
7067	19 99 
7068	92 
7069	81 
7070	77 
7071	121 
7072	108 
7073	39 
7074	85 
7075	48 
7076	8 
7077	78 
7078	44 
7079	3 
7080	15 
7081	97 
7082	49 
7083	7 
7084	6 
7085	42 
7086	137 
7087	126 
7088	86 
7089	66 
7090	30 
7091	148 
7092	32 
7093	1 
7094	142 
7095	34 
7096	17 
7097	23 53 
7098	96 
7099	128 
7100	45 
7101	51 144 
7102	142 
7103	75 
7104	83 
7105	133 
7106	54 148 
7107	133 
7108	31 
7109	72 
7110	40 
7111	38 
7112	46 
7113	64 
7114	114 
7115	21 
7116	19 
7117	45 64 
7118	33 
7119	49 
7120	144 
7121	67 
7122	90 
7123	19 
7124	33 
7125	43 
7126	80 
7127	14 
7128	111 
7129	9 
7130	38 
7131	75 
7132	110 
7133	76 
7134	118 
7135	16 
7136	142 
7137	23 
7138	144 
7139	21 
7140	54 
7141	143 
7142	129 
7143	68 
7144	90 
7145	68 
7146	52 
7147	12 
7148	141 
7149	145 
7150	90 
7151	99 102 
7152	121 
7153	49 
7154	99 
7155	30 
7156	5 
7157	64 68 
7158	105 
7159	102 
7160	111 
7161	91 
7162	129 
7163	105 
7164	125 
7165	48 
7166	10 133 
7167	21 
7168	23 
7169	6 
7170	51 
7171	146 
7172	129 
7173	48 
7174	69 
7175	111 
7176	106 
7177	49 
7178	114 
7179	4 
7180	107 
7181	95 
7182	122 
7183	19 108 
7184	124 
7185	65 
7186	123 
7187	75 
7188	8 
7189	145 
7190	110 
7191	34 
7192	142 
7193	95 
7194	114 
7195	53 
7196	4 
7197	86 
7198	84 
7199	7 
7200	13 
7201	115 
7202	85 
7203	90 
7204	125 
7205	47 
7206	119 
7207	111 
7208	84 
7209	146 
7210	117 
7211	131 
7212	96 
7213	38 
7214	69 
7215	96 
7216	138 
7217	11 
7218	64 
7219	53 99 
7220	145 
7221	9 
7222	101 
7223	89 
7224	52 
7225	73 
7226	52 
7227	64 
7228	8 
7229	18 
7230	85 
7231	52 
7232	73 
7233	119 
7234	51 57 
7235	90 
7236	80 
7237	52 
7238	93 
7239	22 
7240	125 
7241	52 59 
7242	89 
7243	102 
7244	66 
7245	21 
7246	10 
7247	119 
7248	91 
7249	1 
7250	97 
7251	89 
7252	119 
7253	52 
7254	110 
7255	18 
7256	126 
7257	148 
7258	90 
7259	48 
7260	141 
7261	33 
7262	19 
7263	1 136 
7264	23 
7265	102 
7266	65 
7267	48 
7268	45 105 
7269	86 
7270	115 
7271	47 
7272	20 
7273	53 
7274	31 
7275	112 
7276	70 
7277	123 
7278	102 
7279	63 
7280	21 
7281	98 
7282	32 
7283	4 
7284	57 
7285	9 
7286	80 
7287	110 
7288	97 
7289	4 
7290	44 
7291	96 
7292	144 
7293	64 
7294	101 
7295	8 
7296	23 
7297	87 
7298	136 
7299	137 
7300	54 
7301	21 
7302	141 
7303	64 
7304	133 
7305	87 
7306	85 
7307	68 
7308	107 
7309	76 
7310	92 
7311	21 
7312	65 
7313	77 
7314	80 
7315	8 
7316	8 
7317	47 
7318	126 
7319	99 
7320	69 
7321	52 
7322	135 
7323	46 
7324	8 
7325	90 
7326	114 
7327	21 
7328	16 
7329	114 
7330	97 
7331	123 
7332	15 
7333	123 
7334	12 
7335	96 
7336	54 
7337	114 
7338	9 
7339	110 
7340	97 
7341	97 
7342	30 
7343	29 
7344	8 
7345	57 
7346	125 
7347	135 
7348	48 
7349	131 
7350	148 
7351	71 
7352	148 
7353	119 
7354	87 
7355	114 
7356	91 
7357	138 
7358	44 126 
7359	54 
7360	138 
7361	8 
7362	49 
7363	25 137 
7364	88 
7365	65 
7366	121 
7367	32 
7368	49 
7369	101 
7370	148 
7371	25 
7372	123 
7373	38 
7374	57 
7375	37 
7376	148 
7377	96 
7378	33 
7379	44 
7380	121 
7381	80 
7382	1 
7383	55 97 
7384	20 
7385	82 
7386	34 
7387	31 
7388	105 
7389	127 
7390	123 
7391	97 
7392	119 
7393	52 
7394	27 
7395	2 
7396	38 
7397	75 
7398	103 136 
7399	86 
7400	2 119 
7401	41 
7402	46 
7403	148 
7404	117 
7405	133 
7406	37 
7407	86 
7408	82 
7409	87 
7410	70 
7411	6 
7412	147 
7413	44 
7414	120 142 
7415	122 
7416	64 
7417	44 
7418	71 
7419	90 
7420	7 
7421	92 
7422	51 
7423	58 
7424	43 
7425	44 
7426	73 
7427	16 
7428	137 
7429	18 85 
7430	114 
7431	137 
7432	48 
7433	42 
7434	118 
7435	106 
7436	32 
7437	49 
7438	134 
7439	35 
7440	4 
7441	140 
7442	125 
7443	94 
7444	20 
7445	48 
7446	145 
7447	96 
7448	68 132 
7449	19 
7450	64 
7451	148 
7452	105 
7453	143 
7454	29 
7455	103 
7456	142 
7457	142 
7458	36 
7459	6 
7460	46 
7461	33 
7462	108 
7463	23 
7464	49 
7465	44 99 
7466	48 
7467	90 
7468	31 
7469	99 
7470	107 
7471	114 
7472	108 
7473	30 
7474	49 
7475	128 
7476	110 
7477	8 53 
7478	51 119 
7479	119 
7480	56 
7481	39 
7482	107 
7483	62 
7484	37 
7485	111 
7486	52 
7487	110 111 
7488	103 
7489	31 
7490	2 13 
7491	38 
7492	82 
7493	130 
7494	46 
7495	16 
7496	108 
7497	57 
7498	24 
7499	86 
7500	27 
7501	4 101 
7502	18 90 
7503	38 
7504	133 
7505	111 
7506	77 
7507	49 118 
7508	96 147 
7509	10 
7510	109 
7511	107 
7512	1 
7513	54 
7514	47 
7515	134 
7516	54 
7517	21 
7518	43 53 
7519	38 
7520	50 
7521	51 
7522	24 
7523	94 
7524	62 
7525	92 
7526	109 
7527	52 
7528	4 
7529	103 
7530	44 
7531	145 
7532	35 
7533	44 
7534	104 
7535	6 
7536	148 
7537	50 
7538	76 
7539	126 133 
7540	110 
7541	71 83 
7542	14 71 
7543	132 
7544	17 
7545	122 
7546	69 121 
7547	60 
7548	7 
7549	46 
7550	127 
7551	79 
7552	75 96 
7553	148 
7554	143 
7555	2 
7556	84 
7557	8 
7558	121 
7559	57 108 
7560	79 
7561	125 
7562	100 
7563	92 
7564	91 
7565	108 
7566	38 
7567	96 
7568	43 
7569	51 
7570	44 
7571	135 
7572	111 
7573	89 
7574	33 
7575	48 
7576	125 
7577	53 
7578	62 
7579	134 
7580	3 
7581	108 
7582	54 
7583	31 
7584	144 
7585	119 
7586	67 
7587	49 
7588	31 
7589	19 
7590	78 
7591	93 
7592	108 
7593	83 
7594	70 
7595	44 
7596	88 
7597	114 
7598	19 
7599	32 
7600	112 
7601	70 
7602	52 
7603	46 
7604	112 
7605	130 
7606	30 
7607	22 119 
7608	37 
7609	119 
7610	26 
7611	54 
7612	103 
7613	54 
7614	24 
7615	48 
7616	81 
7617	105 
7618	33 
7619	2 
7620	72 
7621	70 
7622	123 
7623	19 
7624	79 
7625	108 
7626	99 113 
7627	138 
7628	34 
7629	53 
7630	54 
7631	51 
7632	72 
7633	111 
7634	20 
7635	21 
7636	91 
7637	58 
7638	63 
7639	90 
7640	120 
7641	14 20 
7642	122 
7643	131 
7644	7 94 
7645	45 
7646	124 
7647	118 
7648	53 
7649	63 
7650	92 
7651	26 134 
7652	79 
7653	66 
7654	120 
7655	25 
7656	30 
7657	126 
7658	114 
7659	94 
7660	96 108 
7661	12 
7662	99 
7663	65 
7664	133 
7665	78 
7666	11 
7667	85 
7668	1 
7669	37 
7670	17 
7671	124 
7672	103 
7673	37 
7674	18 85 
7675	101 
7676	53 
7677	48 
7678	13 94 
7679	19 
7680	103 
7681	24 
7682	48 
7683	77 
7684	125 
7685	54 
7686	73 
7687	2 
7688	24 
7689	113 
7690	54 71 
7691	73 
7692	148 
7693	18 
7694	111 
7695	62 
7696	111 
7697	72 139 
7698	9 
7699	31 
7700	80 
7701	78 
7702	12 77 
7703	8 42 
7704	54 
7705	19 
7706	40 
7707	119 
7708	92 
7709	93 
7710	28 
7711	130 144 
7712	131 
7713	103 
7714	38 
7715	21 
7716	18 
7717	19 
7718	58 
7719	147 
7720	91 
7721	24 136 
7722	75 
7723	102 143 
7724	30 147 
7725	54 
7726	21 
7727	91 
7728	117 
7729	125 
7730	36 
7731	31 
7732	138 
7733	32 
7734	33 122 
7735	140 
7736	41 
7737	76 
7738	64 81 
7739	124 
7740	116 
7741	5 
7742	86 
7743	28 
7744	44 
7745	17 70 
7746	30 
7747	66 
7748	3 
7749	2 
7750	65 
7751	66 
7752	23 
7753	17 
7754	15 
7755	33 
7756	96 
7757	143 
7758	64 
7759	13 
7760	27 92 
7761	53 
7762	60 
7763	52 
7764	80 
7765	20 
7766	143 
7767	72 
7768	74 
7769	43 144 
7770	110 
7771	89 
7772	110 
7773	122 
7774	131 
7775	24 
7776	114 
7777	39 
7778	19 
7779	54 
7780	48 
7781	96 113 
7782	147 
7783	65 
7784	73 
7785	98 
7786	59 
7787	41 
7788	69 
7789	35 
7790	80 
7791	30 
7792	80 
7793	3 
7794	94 
7795	22 
7796	140 
7797	35 
7798	72 
7799	51 
7800	57 
7801	45 137 
7802	96 
7803	7 
7804	107 
7805	145 
7806	19 
7807	103 
7808	86 
7809	87 
7810	15 
7811	21 
7812	123 
7813	125 
7814	127 
7815	24 
7816	36 
7817	143 
7818	59 
7819	10 
7820	127 
7821	29 
7822	29 
7823	9 
7824	103 
7825	133 
7826	30 
7827	47 125 
7828	80 
7829	64 
7830	85 
7831	35 
7832	131 
7833	21 
7834	86 
7835	128 
7836	108 
7837	29 
7838	58 
7839	75 
7840	54 
7841	45 
7842	133 
7843	123 
7844	86 
7845	21 
7846	8 78 
7847	8 
7848	46 
7849	1 
7850	111 
7851	100 
7852	96 
7853	85 
7854	57 
7855	79 
7856	66 
7857	136 
7858	21 133 
7859	80 
7860	3 
7861	92 
7862	99 
7863	13 
7864	77 
7865	83 
7866	27 
7867	18 70 
7868	76 
7869	29 58 
7870	70 
7871	73 
7872	79 
7873	67 91 
7874	101 
7875	31 89 
7876	64 
7877	121 
7878	138 
7879	48 
7880	82 
7881	96 
7882	69 
7883	14 
7884	92 
7885	53 
7886	126 
7887	116 
7888	68 
7889	44 
7890	34 
7891	34 
7892	148 
7893	18 24 
7894	66 
7895	19 
7896	105 
7897	87 
7898	65 
7899	64 125 
7900	81 
7901	94 
7902	37 83 
7903	122 
7904	101 
7905	104 
7906	70 
7907	118 
7908	9 
7909	91 
7910	14 
7911	38 
7912	35 
7913	42 
7914	110 
7915	86 
7916	44 
7917	118 
7918	18 26 
7919	78 103 
7920	49 
7921	100 
7922	84 
7923	131 
7924	6 
7925	44 
7926	57 
7927	24 
7928	97 
7929	127 
7930	26 100 
7931	143 
7932	95 114 
7933	110 
7934	57 
7935	115 
7936	60 
7937	119 
7938	121 
7939	111 
7940	65 
7941	53 
7942	69 
7943	44 
7944	61 
7945	148 
7946	71 
7947	4 
7948	76 
7949	100 
7950	92 
7951	133 
7952	59 
7953	58 
7954	70 
7955	40 
7956	46 99 
7957	49 
7958	45 80 
7959	86 
7960	30 
7961	111 133 
7962	126 
7963	121 
7964	125 
7965	65 102 
7966	33 
7967	11 
7968	24 
7969	75 
7970	111 
7971	99 
7972	132 
7973	127 
7974	123 
7975	6 
7976	126 
7977	64 
7978	75 
7979	7 
7980	53 
7981	19 
7982	139 
7983	21 
7984	24 
7985	22 
7986	32 70 
7987	65 
7988	107 
7989	146 
7990	31 
7991	100 
7992	126 
7993	48 
7994	119 
7995	14 
7996	57 
7997	77 
7998	121 
7999	131 
8000	119 
8001	46 
8002	85 
8003	64 111 
8004	67 
8005	64 
8006	103 
8007	19 
8008	74 
8009	145 
8010	30 
8011	32 116 
8012	72 143 
8013	102 
8014	7 
8015	85 
8016	93 
8017	72 
8018	90 
8019	135 
8020	90 
8021	53 
8022	92 
8023	110 
8024	71 
8025	111 
8026	85 
8027	133 
8028	96 
8029	7 
8030	81 99 
8031	62 
8032	7 
8033	78 
8034	14 
8035	125 
8036	29 
8037	148 
8038	18 
8039	69 
8040	108 
8041	35 38 
8042	53 
8043	44 
8044	142 
8045	125 
8046	48 100 
8047	115 
8048	53 80 
8049	77 
8050	77 
8051	10 
8052	148 
8053	78 
8054	136 
8055	54 
8056	95 
8057	1 
8058	64 
8059	71 
8060	124 
8061	94 
8062	50 
8063	98 
8064	68 
8065	145 
8066	107 126 
8067	64 
8068	130 
8069	143 
8070	19 
8071	23 
8072	80 
8073	103 
8074	103 
8075	86 
8076	1 
8077	115 
8078	73 
8079	57 
8080	96 
8081	75 
8082	11 
8083	126 
8084	103 
8085	92 
8086	42 
8087	36 90 
8088	8 
8089	54 114 
8090	80 110 
8091	77 
8092	90 
8093	51 
8094	98 
8095	77 
8096	49 
8097	58 148 
8098	126 
8099	37 
8100	143 
8101	92 
8102	142 
8103	7 
8104	45 
8105	110 
8106	54 
8107	34 
8108	53 
8109	126 
8110	64 
8111	71 
8112	7 
8113	49 
8114	30 
8115	75 
8116	1 
8117	102 
8118	90 
8119	8 
8120	115 
8121	122 
8122	19 
8123	71 
8124	142 
8125	143 
8126	75 139 
8127	111 
8128	137 
8129	19 
8130	74 
8131	143 
8132	142 
8133	54 
8134	99 
8135	51 
8136	130 
8137	113 
8138	142 
8139	118 
8140	95 
8141	13 
8142	140 
8143	20 
8144	106 
8145	92 
8146	105 
8147	73 
8148	54 
8149	121 
8150	49 
8151	21 
8152	63 
8153	125 
8154	91 
8155	24 
8156	52 
8157	49 
8158	45 
8159	60 
8160	134 
8161	35 
8162	122 
8163	28 
8164	8 72 
8165	130 
8166	97 
8167	38 
8168	100 
8169	1 
8170	124 
8171	10 
8172	22 
8173	129 
8174	89 
8175	11 
8176	52 
8177	53 
8178	137 
8179	33 
8180	54 
8181	134 
8182	51 
8183	129 
8184	44 71 
8185	81 
8186	85 
8187	80 
8188	43 
8189	6 
8190	53 
8191	126 
8192	4 
8193	35 
8194	119 
8195	37 
8196	32 
8197	103 
8198	29 
8199	106 
8200	1 
8201	65 
8202	43 
8203	60 
8204	66 
8205	55 
8206	41 
8207	48 
8208	50 131 
8209	41 101 
8210	29 
8211	22 
8212	64 
8213	111 
8214	123 
8215	102 
8216	111 
8217	14 
8218	99 
8219	109 
8220	110 
8221	15 
8222	1 
8223	142 
8224	8 
8225	33 
8226	106 
8227	148 
8228	86 
8229	147 
8230	26 
8231	133 
8232	125 
8233	6 65 
8234	44 
8235	11 
8236	44 64 
8237	133 
8238	103 114 
8239	137 
8240	13 
8241	53 
8242	68 71 
8243	19 
8244	140 
8245	123 
8246	95 
8247	92 
8248	33 
8249	98 
8250	113 
8251	126 
8252	53 
8253	106 
8254	64 
8255	56 
8256	142 
8257	142 
8258	130 
8259	64 
8260	118 
8261	44 80 
8262	48 
8263	145 
8264	88 
8265	69 
8266	81 
8267	54 
8268	109 
8269	119 
8270	114 
8271	19 30 
8272	88 
8273	88 
8274	33 
8275	53 
8276	40 
8277	7 
8278	77 
8279	108 
8280	76 
8281	14 
8282	109 
8283	68 
8284	23 85 
8285	6 103 
8286	13 
8287	48 
8288	39 
8289	122 
8290	42 
8291	58 
8292	110 
8293	130 
8294	87 
8295	8 
8296	52 
8297	86 
8298	125 
8299	1 136 
8300	100 
8301	13 81 
8302	42 
8303	122 
8304	73 
8305	76 
8306	30 
8307	130 
8308	14 
8309	114 
8310	78 
8311	111 
8312	24 107 
8313	10 
8314	91 
8315	75 
8316	7 
8317	148 
8318	7 
8319	7 99 
8320	145 
8321	40 
8322	21 
8323	8 
8324	53 
8325	106 
8326	91 
8327	63 
8328	89 
8329	75 
8330	131 
8331	49 
8332	5 
8333	88 
8334	38 
8335	126 
8336	80 
8337	119 147 
8338	80 
8339	85 
8340	65 
8341	107 
8342	8 
8343	99 
8344	31 
8345	101 
8346	32 
8347	32 
8348	123 
8349	22 
8350	49 
8351	75 
8352	24 
8353	34 
8354	52 
8355	100 
8356	79 
8357	102 
8358	9 
8359	123 
8360	45 
8361	108 
8362	125 
8363	50 
8364	18 
8365	106 
8366	18 
8367	117 
8368	85 
8369	98 
8370	27 36 
8371	48 
8372	7 
8373	142 143 
8374	117 
8375	55 
8376	10 
8377	6 
8378	78 
8379	25 
8380	79 
8381	137 
8382	97 
8383	44 
8384	10 
8385	6 
8386	1 
8387	125 
8388	82 
8389	111 
8390	57 
8391	83 
8392	49 
8393	57 
8394	52 
8395	24 
8396	119 
8397	30 
8398	77 142 
8399	83 119 
8400	27 
8401	16 93 
8402	108 
8403	126 
8404	24 85 
8405	60 
8406	49 
8407	29 
8408	109 
8409	135 
8410	24 
8411	2 
8412	48 
8413	114 
8414	129 
8415	1 
8416	92 131 
8417	45 
8418	69 
8419	144 
8420	90 
8421	27 
8422	51 
8423	127 
8424	52 
8425	92 
8426	136 
8427	38 
8428	32 
8429	53 
8430	86 
8431	86 
8432	120 138 
8433	99 
8434	93 
8435	54 
8436	18 
8437	75 
8438	70 
8439	72 
8440	35 
8441	114 
8442	138 
8443	71 
8444	124 
8445	57 82 
8446	79 
8447	123 
8448	49 
8449	33 
8450	99 
8451	21 
8452	58 
8453	107 
8454	105 
8455	91 107 
8456	88 110 
8457	5 
8458	137 
8459	138 
8460	52 
8461	49 
8462	73 
8463	111 
8464	54 
8465	127 
8466	44 
8467	39 
8468	14 
8469	90 
8470	50 92 
8471	6 33 
8472	81 
8473	64 
8474	27 
8475	93 
8476	54 
8477	90 
8478	51 
8479	49 
8480	103 
8481	82 
8482	125 
8483	32 96 
8484	142 
8485	16 
8486	102 
8487	112 
8488	44 
8489	45 
8490	54 
8491	29 
8492	142 
8493	54 
8494	80 
8495	101 
8496	78 
8497	51 
8498	64 
8499	48 70 
8500	144 
8501	79 
8502	125 
8503	48 
8504	72 
8505	8 
8506	44 
8507	2 
8508	49 
8509	19 44 
8510	74 
8511	48 
8512	129 
8513	18 
8514	32 
8515	125 
8516	90 
8517	121 
8518	68 
8519	136 
8520	33 
8521	30 
8522	21 
8523	57 
8524	81 
8525	100 
8526	95 
8527	90 
8528	84 
8529	64 
8530	25 
8531	142 
8532	103 
8533	91 
8534	97 
8535	69 
8536	82 
8537	44 
8538	8 
8539	80 
8540	108 
8541	71 126 
8542	92 
8543	4 
8544	7 65 
8545	17 
8546	8 
8547	89 
8548	57 
8549	85 
8550	39 
8551	53 
8552	118 
8553	103 
8554	102 
8555	137 
8556	16 
8557	53 
8558	107 
8559	69 
8560	105 
8561	103 
8562	52 
8563	69 
8564	141 
8565	136 
8566	66 
8567	19 
8568	91 
8569	58 
8570	85 137 
8571	145 
8572	13 
8573	145 
8574	25 52 
8575	13 
8576	52 
8577	48 
8578	90 
8579	111 
8580	105 
8581	125 
8582	46 
8583	105 
8584	114 
8585	84 
8586	18 
8587	92 
8588	31 
8589	103 
8590	96 
8591	52 
8592	38 
8593	17 
8594	144 
8595	90 
8596	75 89 
8597	96 
8598	73 
8599	125 
8600	11 
8601	19 55 
8602	36 
8603	123 
8604	115 
8605	21 
8606	54 
8607	30 
8608	142 
8609	19 
8610	43 52 
8611	62 
8612	128 
8613	32 
8614	41 
8615	107 
8616	102 
8617	114 
8618	123 
8619	141 
8620	53 125 
8621	108 
8622	71 76 
8623	68 129 
8624	141 
8625	133 
8626	68 
8627	148 
8628	145 
8629	74 
8630	61 
8631	131 
8632	131 
8633	44 
8634	49 
8635	48 
8636	30 
8637	35 
8638	52 
8639	90 146 
8640	33 
8641	55 
8642	66 
8643	6 
8644	1 
8645	105 
8646	121 
8647	97 
8648	14 
8649	81 
8650	18 
8651	96 
8652	114 
8653	2 144 
8654	145 
8655	40 
8656	89 
8657	74 
8658	85 143 
8659	125 
8660	144 
8661	65 
8662	25 
8663	123 
8664	65 
8665	111 
8666	142 
8667	97 
8668	133 137 
8669	49 
8670	14 
8671	8 
8672	49 
8673	103 
8674	31 
8675	6 
8676	133 
8677	110 
8678	75 
8679	148 
8680	4 
8681	100 
8682	83 
8683	24 111 
8684	44 148 
8685	122 
8686	31 84 
8687	38 
8688	24 
8689	73 
8690	110 
8691	142 
8692	1 
8693	85 
8694	54 
8695	91 
8696	49 
8697	99 
8698	74 76 
8699	33 
8700	40 
8701	7 
8702	24 
8703	77 
8704	33 
8705	44 
8706	65 102 
8707	21 
8708	115 
8709	89 
8710	83 
8711	1 
8712	19 86 
8713	121 
8714	7 
8715	24 
8716	52 
8717	75 
8718	38 
8719	85 
8720	130 
8721	99 
8722	93 
8723	91 114 
8724	145 
8725	44 
8726	142 
8727	83 
8728	125 
8729	70 
8730	72 138 
8731	75 
8732	73 
8733	58 
8734	24 
8735	99 
8736	86 
8737	107 
8738	2 18 
8739	73 91 
8740	71 
8741	19 
8742	73 
8743	100 
8744	8 
8745	103 
8746	68 
8747	114 
8748	93 
8749	26 
8750	76 
8751	103 
8752	15 
8753	52 
8754	16 
8755	71 
8756	108 
8757	6 
8758	27 
8759	18 
8760	26 
8761	125 
8762	76 
8763	92 
8764	102 
8765	89 
8766	6 
8767	86 
8768	54 
8769	111 132 
8770	51 
8771	141 
8772	51 
8773	126 144 
8774	14 
8775	52 
8776	114 
8777	89 118 
8778	18 
8779	64 
8780	8 127 
8781	100 
8782	19 71 
8783	115 
8784	64 
8785	53 
8786	29 
8787	144 
8788	90 
8789	11 
8790	91 
8791	53 
8792	75 
8793	24 
8794	21 90 
8795	96 
8796	89 
8797	27 
8798	30 130 
8799	70 
8800	121 
8801	49 
8802	125 
8803	99 
8804	5 142 
8805	19 
8806	53 
8807	71 
8808	46 
8809	91 
8810	105 
8811	145 
8812	54 111 
8813	72 
8814	89 
8815	81 98 
8816	86 
8817	68 99 
8818	75 77 
8819	85 
8820	13 
8821	139 
8822	4 
8823	90 
8824	46 
8825	30 
8826	75 
8827	49 
8828	68 
8829	24 144 
8830	111 
8831	2 
8832	38 
8833	131 
8834	126 
8835	88 
8836	125 
8837	27 
8838	75 
8839	123 
8840	57 
8841	100 
8842	60 
8843	65 
8844	61 
8845	37 
8846	49 
8847	72 
8848	71 
8849	80 141 
8850	51 
8851	25 
8852	51 
8853	53 68 
8854	80 
8855	90 
8856	51 
8857	30 91 
8858	124 
8859	74 
8860	32 
8861	98 
8862	85 
8863	3 
8864	54 
8865	44 
8866	33 
8867	41 
8868	143 
8869	65 
8870	123 
8871	14 
8872	1 
8873	96 
8874	53 
8875	18 
8876	82 
8877	13 
8878	54 
8879	73 
8880	8 
8881	42 
8882	90 
8883	40 
8884	74 
8885	75 
8886	143 
8887	33 
8888	148 
8889	118 
8890	103 
8891	141 
8892	80 
8893	64 
8894	106 
8895	27 
8896	65 
8897	58 
8898	54 
8899	75 
8900	111 
8901	106 
8902	122 
8903	119 
8904	101 
8905	145 
8906	52 103 
8907	90 
8908	64 
8909	65 
8910	58 
8911	125 
8912	19 
8913	80 
8914	38 145 
8915	144 
8916	125 145 
8917	53 
8918	19 65 
8919	107 
8920	38 
8921	23 
8922	99 
8923	1 
8924	52 
8925	83 
8926	80 111 
8927	53 
8928	82 
8929	30 
8930	71 
8931	25 
8932	142 
8933	126 
8934	133 
8935	110 
8936	64 
8937	43 
8938	103 
8939	99 
8940	88 
8941	111 
8942	52 
8943	92 
8944	113 
8945	110 
8946	92 
8947	61 
8948	7 
8949	142 
8950	80 
8951	86 
8952	148 
8953	58 
8954	111 
8955	75 110 
8956	29 65 
8957	102 
8958	75 
8959	58 
8960	113 
8961	107 
8962	41 
8963	101 
8964	46 
8965	143 
8966	45 
8967	101 
8968	99 
8969	27 
8970	51 
8971	52 
8972	90 
8973	66 
8974	83 
8975	98 
8976	75 
8977	133 
8978	145 
8979	40 
8980	24 
8981	13 
8982	57 
8983	51 54 
8984	53 
8985	125 
8986	18 
8987	72 
8988	13 
8989	92 
8990	90 
8991	145 
8992	34 
8993	142 
8994	106 
8995	43 115 
8996	4 
8997	105 
8998	70 
8999	30 
9000	40 
9001	86 
9002	110 
9003	66 
9004	51 
9005	30 
9006	53 
9007	34 
9008	53 
9009	82 
9010	30 
9011	10 
9012	75 
9013	68 
9014	133 
9015	34 
9016	110 
9017	118 
9018	137 
9019	94 
9020	110 
9021	78 
9022	119 
9023	90 
9024	110 124 
9025	102 
9026	48 
9027	48 
9028	54 
9029	110 
9030	33 
9031	139 
9032	110 
9033	73 
9034	99 
9035	30 
9036	80 
9037	52 
9038	109 
9039	45 
9040	70 
9041	48 
9042	61 
9043	34 
9044	49 
9045	97 
9046	70 
9047	49 
9048	27 
9049	119 
9050	100 
9051	69 
9052	27 
9053	73 
9054	96 
9055	122 
9056	75 129 
9057	55 72 
9058	96 
9059	72 
9060	75 
9061	45 96 
9062	73 
9063	94 
9064	94 
9065	20 
9066	51 
9067	37 
9068	21 
9069	124 
9070	142 
9071	69 90 
9072	148 
9073	91 148 
9074	19 
9075	43 
9076	48 
9077	27 
9078	7 
9079	29 
9080	7 143 
9081	8 
9082	86 
9083	4 
9084	22 
9085	100 136 
9086	142 
9087	42 
9088	74 
9089	75 
9090	91 110 
9091	123 
9092	58 
9093	71 
9094	44 
9095	102 
9096	125 
9097	89 
9098	92 
9099	137 
9100	73 
9101	53 
9102	51 
9103	96 
9104	89 144 
9105	24 
9106	18 
9107	96 
9108	147 
9109	122 
9110	4 
9111	26 
9112	91 
9113	22 
9114	100 
9115	30 
9116	26 
9117	68 
9118	21 
9119	89 
9120	82 
9121	61 
9122	43 
9123	136 
9124	18 
9125	57 
9126	110 
9127	44 
9128	58 
9129	32 52 
9130	86 
9131	65 
9132	94 
9133	4 
9134	72 
9135	108 
9136	71 143 
9137	26 
9138	42 
9139	49 
9140	43 
9141	43 
9142	103 
9143	90 
9144	68 
9145	71 
9146	5 115 
9147	52 
9148	23 
9149	54 
9150	34 99 
9151	66 
9152	24 
9153	125 
9154	130 
9155	2 
9156	49 
9157	129 
9158	80 
9159	124 
9160	105 
9161	142 
9162	2 
9163	26 
9164	144 
9165	19 114 
9166	142 
9167	53 
9168	53 
9169	100 111 
9170	108 
9171	96 
9172	103 
9173	94 
9174	21 
9175	75 
9176	38 
9177	121 
9178	44 
9179	18 
9180	2 
9181	85 
9182	8 
9183	3 
9184	122 
9185	110 
9186	19 
9187	99 
9188	147 
9189	145 
9190	129 
9191	121 
9192	106 
9193	90 
9194	111 
9195	64 
9196	7 145 
9197	145 
9198	86 
9199	147 
9200	122 
9201	29 
9202	114 
9203	80 
9204	23 
9205	27 
9206	24 
9207	113 
9208	34 
9209	122 
9210	99 
9211	126 
9212	89 
9213	111 
9214	118 
9215	45 
9216	64 
9217	52 
9218	115 
9219	126 
9220	145 
9221	143 
9222	114 
9223	42 
9224	148 
9225	6 144 
9226	107 
9227	90 
9228	47 70 
9229	118 
9230	123 
9231	91 
9232	108 
9233	21 
9234	58 142 
9235	141 
9236	41 
9237	89 
9238	103 
9239	122 
9240	115 145 
9241	133 
9242	28 29 
9243	24 
9244	54 
9245	105 
9246	71 
9247	148 
9248	90 
9249	102 
9250	27 
9251	11 
9252	147 
9253	45 
9254	114 
9255	103 
9256	110 
9257	6 
9258	94 
9259	121 
9260	85 
9261	125 
9262	31 
9263	52 
9264	103 
9265	31 44 
9266	53 
9267	75 
9268	85 
9269	125 
9270	24 
9271	75 
9272	68 
9273	103 
9274	102 
9275	21 
9276	53 
9277	105 
9278	30 48 
9279	85 
9280	77 
9281	33 
9282	40 
9283	38 
9284	8 
9285	144 
9286	118 
9287	61 
9288	114 
9289	102 
9290	106 
9291	51 
9292	64 
9293	123 
9294	96 
9295	103 106 
9296	64 83 
9297	37 
9298	73 
9299	107 
9300	6 
9301	7 137 
9302	70 
9303	110 
9304	121 
9305	81 
9306	7 
9307	118 
9308	41 
9309	6 
9310	131 
9311	7 124 
9312	85 
9313	53 
9314	21 
9315	96 
9316	115 
9317	48 
9318	118 
9319	18 
9320	1 23 
9321	148 
9322	113 
9323	89 
9324	44 
9325	60 116 
9326	19 
9327	80 
9328	49 
9329	80 
9330	8 
9331	148 
9332	108 
9333	102 
9334	8 
9335	107 
9336	30 
9337	125 
9338	118 139 
9339	71 
9340	43 
9341	89 
9342	80 
9343	22 64 
9344	71 
9345	111 
9346	111 
9347	73 
9348	111 
9349	37 
9350	103 
9351	48 
9352	24 
9353	57 
9354	71 
9355	61 
9356	52 
9357	107 
9358	57 
9359	1 
9360	126 
9361	48 
9362	97 
9363	14 
9364	137 
9365	22 
9366	148 
9367	96 
9368	52 
9369	126 
9370	49 125 
9371	142 
9372	129 
9373	97 
9374	18 
9375	1 148 
9376	44 
9377	68 
9378	54 
9379	7 
9380	44 
9381	7 
9382	88 
9383	57 
9384	53 
9385	65 
9386	9 78 
9387	40 
9388	126 
9389	80 
9390	71 
9391	119 
9392	126 
9393	36 
9394	88 
9395	49 
9396	70 
9397	45 
9398	90 
9399	133 
9400	72 
9401	72 
9402	125 
9403	52 
9404	103 
9405	24 117 
9406	105 
9407	103 
9408	114 
9409	40 
9410	4 
9411	58 
9412	13 145 
9413	106 
9414	58 
9415	122 
9416	45 
9417	33 
9418	44 
9419	8 
9420	65 
9421	93 
9422	145 
9423	137 
9424	80 
9425	83 
9426	73 
9427	71 
9428	80 
9429	92 
9430	60 
9431	133 
9432	99 
9433	102 
9434	18 
9435	66 
9436	125 
9437	48 
9438	137 
9439	7 
9440	144 
9441	65 79 
9442	73 142 
9443	110 
9444	14 
9445	55 
9446	11 32 
9447	72 
9448	33 
9449	48 
9450	25 
9451	100 
9452	24 
9453	121 142 
9454	69 
9455	29 118 
9456	44 
9457	130 
9458	24 
9459	48 
9460	27 
9461	133 
9462	142 
9463	119 
9464	138 
9465	103 110 
9466	85 
9467	65 
9468	83 
9469	96 
9470	107 
9471	110 
9472	52 
9473	142 
9474	125 
9475	75 
9476	30 129 
9477	111 
9478	70 
9479	89 
9480	94 
9481	99 
9482	125 
9483	126 
9484	91 
9485	70 
9486	43 
9487	115 
9488	31 100 
9489	2 68 
9490	103 
9491	138 
9492	64 
9493	68 
9494	110 
9495	80 125 
9496	118 
9497	70 
9498	148 
9499	25 
9500	48 
9501	54 
9502	7 
9503	73 
9504	58 
9505	29 
9506	100 
9507	86 
9508	31 
9509	86 
9510	92 
9511	133 
9512	44 
9513	147 
9514	54 
9515	21 
9516	143 
9517	21 86 
9518	53 
9519	54 
9520	91 
9521	147 
9522	125 
9523	11 
9524	25 
9525	122 
9526	123 
9527	64 
9528	145 
9529	19 
9530	69 
9531	54 
9532	91 
9533	85 
9534	148 
9535	77 
9536	86 
9537	69 
9538	48 
9539	105 
9540	54 
9541	72 
9542	144 
9543	144 
9544	145 
9545	53 
9546	80 
9547	6 
9548	89 
9549	38 
9550	118 
9551	21 
9552	85 104 
9553	52 
9554	97 
9555	126 
9556	142 
9557	121 
9558	23 
9559	2 118 
9560	18 
9561	66 
9562	24 
9563	19 
9564	124 
9565	111 
9566	97 
9567	8 
9568	131 
9569	85 
9570	144 
9571	72 
9572	48 
9573	118 
9574	72 
9575	6 7 
9576	72 
9577	145 
9578	41 91 
9579	125 
9580	145 
9581	33 138 
9582	110 
9583	70 
9584	99 
9585	126 
9586	123 
9587	53 97 
9588	19 
9589	21 65 
9590	64 
9591	138 
9592	64 
9593	111 
9594	110 
9595	66 
9596	133 
9597	25 
9598	27 
9599	28 144 
9600	100 
9601	27 
9602	122 
9603	24 
9604	107 
9605	142 
9606	70 
9607	148 
9608	54 
9609	54 
9610	48 
9611	114 
9612	6 
9613	137 
9614	31 130 
9615	54 
9616	111 
9617	23 
9618	89 
9619	1 
9620	126 
9621	49 
9622	138 
9623	1 
9624	38 147 
9625	114 
9626	72 
9627	24 
9628	145 
9629	133 
9630	94 
9631	44 
9632	44 
9633	54 
9634	114 
9635	80 
9636	7 129 
9637	137 
9638	38 
9639	6 
9640	107 
9641	70 121 
9642	34 
9643	119 
9644	111 
9645	21 99 
9646	91 
9647	53 
9648	54 
9649	121 
9650	14 
9651	69 
9652	21 140 
9653	81 
9654	81 
9655	92 
9656	148 
9657	122 
9658	85 145 
9659	143 
9660	49 
9661	133 
9662	144 
9663	49 
9664	45 
9665	69 
9666	96 
9667	72 
9668	86 96 
9669	147 
9670	30 
9671	118 
9672	52 
9673	86 
9674	7 
9675	6 110 
9676	18 
9677	101 125 
9678	130 
9679	137 
9680	31 
9681	99 
9682	97 
9683	61 
9684	21 
9685	65 125 
9686	133 
9687	143 
9688	85 
9689	106 
9690	114 
9691	8 89 
9692	64 125 
9693	54 
9694	119 
9695	49 
9696	103 
9697	49 
9698	19 
9699	24 34 
9700	94 
9701	31 
9702	53 92 
9703	64 
9704	58 
9705	49 
9706	115 
9707	110 
9708	13 
9709	145 
9710	90 
9711	96 
9712	18 
9713	85 
9714	71 
9715	94 
9716	24 
9717	114 
9718	45 
9719	96 
9720	125 
9721	94 
9722	57 
9723	110 
9724	44 
9725	53 
9726	119 
9727	51 
9728	54 
9729	125 
9730	32 
9731	123 
9732	102 
9733	33 
9734	57 
9735	22 125 
9736	68 
9737	110 
9738	7 
9739	92 129 
9740	24 
9741	7 
9742	130 
9743	49 
9744	57 
9745	108 
9746	71 
9747	69 
9748	90 
9749	23 
9750	148 
9751	8 120 
9752	89 129 
9753	125 
9754	145 
9755	96 
9756	6 
9757	114 
9758	73 
9759	69 
9760	13 
9761	118 
9762	100 
9763	64 
9764	108 
9765	86 
9766	51 
9767	44 
9768	69 
9769	49 
9770	1 
9771	1 
9772	43 45 
9773	143 
9774	96 
9775	7 
9776	13 91 
9777	18 
9778	57 
9779	71 131 
9780	123 
9781	147 
9782	54 
9783	80 
9784	56 123 
9785	75 114 
9786	102 
9787	143 
9788	61 
9789	143 
9790	21 
9791	85 
9792	30 
9793	44 
9794	70 
9795	44 
9796	143 
9797	147 
9798	94 
9799	27 
9800	69 
9801	111 
9802	94 
9803	48 
9804	64 
9805	51 
9806	88 100 
9807	45 125 
9808	33 
9809	110 
9810	145 
9811	103 
9812	29 
9813	118 
9814	138 
9815	108 
9816	54 145 
9817	114 
9818	49 
9819	67 136 
9820	64 
9821	6 
9822	144 
9823	96 
9824	65 
9825	1 
9826	75 
9827	119 127 
9828	114 
9829	147 
9830	2 
9831	19 
9832	137 
9833	1 
9834	64 
9835	110 
9836	92 
9837	110 
9838	54 
9839	69 89 
9840	51 
9841	145 
9842	29 
9843	44 
9844	2 
9845	77 
9846	45 
9847	30 
9848	57 
9849	53 
9850	133 
9851	99 
9852	92 
9853	133 
9854	1 
9855	1 49 
9856	21 
9857	85 
9858	91 
9859	108 
9860	44 
9861	131 
9862	126 
9863	126 
9864	90 
9865	121 
9866	89 
9867	23 
9868	45 
9869	90 
9870	113 119 
9871	133 
9872	48 
9873	37 54 
9874	89 
9875	18 
9876	105 148 
9877	49 
9878	68 
9879	53 
9880	114 
9881	111 
9882	60 65 
9883	57 
9884	114 
9885	123 
9886	85 
9887	148 
9888	71 
9889	14 
9890	77 
9891	147 
9892	53 
9893	58 
9894	110 
9895	96 
9896	72 
9897	64 
9898	114 
9899	69 
9900	143 
9901	49 51 
9902	142 
9903	72 
9904	21 
9905	143 
9906	111 
9907	85 144 
9908	57 
9909	7 
9910	23 
9911	110 
9912	77 141 
9913	30 
9914	148 
9915	70 111 
9916	123 
9917	143 
9918	125 
9919	145 
9920	53 
9921	92 
9922	21 
9923	122 
9924	125 
9925	52 
9926	90 
9927	145 
9928	51 
9929	119 
9930	1 110 
9931	21 
9932	64 
9933	19 
9934	60 97 
9935	86 
9936	97 
9937	66 
9938	48 
9939	147 
9940	99 
9941	48 
9942	122 
9943	114 123 
9944	44 
9945	19 
9946	133 
9947	33 
9948	35 44 
9949	92 
9950	18 
9951	123 
9952	31 
9953	96 
9954	76 106 
9955	19 
9956	18 
9957	1 
9958	147 
9959	49 
9960	73 
9961	38 96 
9962	49 
9963	19 110 
9964	30 110 
9965	57 
9966	99 
9967	148 
9968	7 
9969	53 
9970	14 
9971	73 
9972	111 
9973	51 
9974	49 
9975	108 
9976	85 
9977	45 
9978	86 
9979	142 
9980	73 
9981	23 
9982	96 
9983	48 
9984	75 
9985	96 
9986	107 
9987	70 100 
9988	90 
9989	7 
9990	142 
9991	70 
9992	77 
9993	52 
9994	111 
9995	6 
9996	121 
9997	145 
9998	118 
9999	24 73 
10000	6 
