1	9 
2	53 
3	92 
4	73 
5	80 
6	10 
7	10 
8	63 
9	28 
10	69 
11	65 
12	60 
13	82 
14	54 
15	11 
16	15 
17	20 113 
18	66 
19	72 
20	45 
21	4 
22	37 
23	45 
24	20 
25	97 
26	48 
27	94 
28	85 
29	42 
30	45 
31	54 
32	23 
33	27 
34	38 
35	71 
36	34 
37	13 
38	59 
39	39 
40	110 
41	45 
42	77 91 
43	115 
44	22 
45	90 
46	5 
47	41 
48	27 
49	60 
50	17 
51	63 
52	32 
53	102 
54	67 113 
55	70 
56	31 
57	53 
58	22 
59	52 
60	4 
61	30 58 
62	18 
63	54 
64	14 77 
65	92 
66	72 
67	71 102 
68	86 102 
69	48 
70	85 
71	82 
72	16 
73	51 
74	76 
75	73 
76	85 
77	16 
78	3 
79	9 
80	60 116 
81	8 85 
82	23 
83	105 
84	50 
85	89 
86	100 
87	95 
88	52 
89	58 
90	44 
91	27 
92	7 
93	49 
94	54 
95	60 
96	34 
97	111 
98	92 
99	48 93 
100	111 
101	111 
102	32 
103	10 
104	8 
105	61 
106	15 
107	30 
108	55 
109	92 
110	75 100 
111	86 
112	100 
113	110 112 
114	91 
115	104 
116	39 
117	86 
118	4 
119	58 
120	25 
121	38 
122	45 
123	31 
124	40 
125	6 
126	98 
127	69 
128	100 
129	56 
130	39 
131	114 
132	50 
133	77 
134	116 
135	33 
136	47 
137	63 
138	7 91 
139	21 
140	53 
141	43 
142	33 
143	29 
144	114 
145	56 
146	53 
147	51 
148	88 
149	16 
150	114 
151	13 
152	21 
153	55 
154	67 
155	86 
156	72 
157	27 
158	15 
159	31 
160	75 
161	65 
162	17 
163	95 
164	31 
165	54 
166	16 114 
167	62 
168	99 
169	98 
170	32 
171	32 
172	33 
173	2 
174	90 
175	10 
176	25 
177	93 114 
178	54 
179	28 116 
180	99 
181	111 
182	59 
183	111 
184	54 66 
185	21 47 
186	58 
187	52 
188	21 
189	92 
190	64 
191	111 
192	34 
193	94 
194	92 
195	112 
196	83 
197	30 
198	23 
199	4 
200	50 
201	54 
202	42 95 
203	100 
204	72 
205	112 
206	34 
207	91 
208	9 
209	30 
210	86 
211	86 
212	15 
213	86 
214	10 
215	11 
216	32 
217	2 
218	67 
219	27 77 
220	76 
221	47 
222	57 
223	42 
224	4 
225	114 
226	29 
227	107 
228	112 
229	73 
230	84 
231	17 
232	70 
233	24 
234	80 
235	70 
236	43 
237	12 
238	97 
239	55 
240	77 
241	50 
242	85 
243	96 
244	19 
245	9 
246	113 
247	54 
248	73 116 
249	83 
250	95 
251	12 
252	30 
253	116 
254	56 
255	8 
256	74 
257	63 
258	13 
259	89 
260	45 
261	55 
262	59 
263	51 
264	93 
265	96 
266	8 
267	92 
268	102 
269	84 
270	25 
271	112 
272	23 73 
273	63 
274	76 
275	95 
276	73 
277	96 
278	19 
279	72 111 
280	86 
281	116 
282	83 
283	71 
284	71 
285	63 
286	97 
287	34 
288	85 
289	7 
290	85 115 
291	30 
292	70 
293	102 
294	15 
295	110 
296	54 
297	40 
298	85 
299	17 
300	106 
301	72 
302	97 
303	97 
304	46 
305	85 109 
306	83 
307	96 
308	77 
309	115 
310	42 
311	60 
312	69 
313	19 
314	114 
315	6 
316	17 
317	112 
318	114 
319	18 
320	53 
321	98 
322	13 50 
323	34 
324	81 
325	37 
326	40 
327	63 
328	43 71 
329	25 
330	106 
331	66 
332	27 
333	83 107 
334	92 
335	53 70 
336	72 
337	30 
338	71 
339	111 
340	70 
341	64 
342	92 
343	46 
344	2 
345	74 
346	106 
347	100 
348	53 102 
349	50 
350	100 
351	30 105 
352	19 
353	9 
354	89 
355	71 74 
356	98 
357	65 
358	116 
359	10 
360	59 
361	86 
362	59 
363	7 
364	34 
365	17 
366	47 
367	55 
368	62 
369	19 
370	38 
371	40 113 
372	92 
373	88 
374	93 
375	27 
376	72 
377	115 
378	42 106 
379	102 
380	96 
381	86 
382	51 100 
383	16 116 
384	19 
385	21 105 
386	112 
387	67 
388	17 67 
389	24 
390	16 
391	31 
392	74 
393	44 
394	115 
395	84 
396	48 
397	62 
398	50 
399	11 
400	87 
401	33 
402	71 
403	15 
404	52 
405	27 
406	38 
407	70 
408	50 
409	86 
410	66 
411	115 
412	102 
413	43 
414	113 
415	44 106 
416	19 
417	114 
418	65 
419	67 
420	73 
421	10 
422	70 
423	115 
424	94 
425	73 
426	31 
427	111 
428	81 
429	89 
430	43 
431	37 
432	42 
433	112 
434	49 
435	13 
436	56 
437	92 
438	32 
439	20 
440	7 
441	89 
442	113 
443	88 
444	19 
445	85 
446	25 
447	85 
448	58 
449	7 
450	85 
451	64 
452	72 
453	50 
454	99 
455	85 
456	34 
457	97 103 
458	8 
459	40 
460	57 
461	70 
462	16 
463	80 
464	68 
465	112 
466	115 
467	93 
468	16 
469	71 
470	20 
471	94 
472	41 
473	41 
474	29 
475	50 
476	2 
477	36 
478	99 
479	53 
480	111 
481	12 
482	12 
483	10 
484	113 
485	78 
486	114 
487	96 
488	17 
489	44 
490	32 
491	68 
492	15 20 
493	6 20 
494	43 
495	101 
496	115 
497	77 
498	21 
499	92 
500	85 
501	3 
502	53 
503	114 
504	43 
505	26 88 
506	39 
507	55 
508	113 
509	81 
510	77 
511	70 
512	55 
513	111 
514	54 
515	20 
516	37 
517	11 
518	29 94 
519	28 
520	45 
521	73 
522	7 
523	31 
524	51 
525	95 108 
526	93 
527	105 
528	112 
529	56 95 
530	73 
531	103 
532	21 
533	105 114 
534	103 
535	48 
536	112 
537	15 67 
538	90 
539	47 91 
540	73 
541	13 
542	4 
543	20 44 
544	84 
545	94 
546	2 
547	112 
548	49 
549	50 
550	47 
551	46 
552	15 
553	9 
554	20 
555	109 
556	67 
557	30 
558	75 
559	40 
560	92 
561	93 
562	7 
563	83 
564	42 
565	67 
566	101 
567	39 
568	105 
569	67 
570	70 
571	70 
572	113 
573	62 
574	40 
575	115 
576	33 
577	91 
578	102 
579	32 
580	64 
581	4 10 
582	77 
583	58 
584	56 
585	4 
586	50 
587	62 
588	25 
589	31 
590	27 
591	67 98 
592	79 
593	44 
594	80 
595	82 
596	112 
597	86 
598	102 
599	35 
600	29 114 
601	67 
602	98 
603	5 
604	23 
605	80 
606	58 
607	94 
608	28 
609	19 29 
610	53 
611	46 94 
612	115 
613	82 
614	34 
615	69 
616	15 
617	89 
618	28 
619	21 
620	104 
621	96 
622	21 
623	68 
624	97 
625	52 
626	58 
627	47 
628	28 53 
629	105 
630	72 
631	95 
632	8 44 
633	53 80 
634	87 111 
635	105 113 
636	50 
637	112 
638	91 
639	31 
640	20 
641	92 111 
642	73 
643	30 
644	103 
645	29 
646	41 
647	5 
648	30 55 
649	92 
650	82 
651	52 
652	92 
653	44 
654	70 
655	54 98 
656	4 
657	79 
658	37 
659	8 28 
660	27 
661	2 
662	34 
663	91 
664	40 
665	46 
666	99 
667	55 
668	95 
669	86 
670	34 
671	113 
672	56 
673	80 
674	54 
675	19 
676	5 
677	83 
678	15 
679	107 
680	39 
681	85 
682	62 
683	5 92 
684	107 
685	25 
686	67 
687	104 
688	41 
689	67 
690	55 
691	60 
692	44 
693	31 
694	116 
695	19 
696	7 54 
697	29 
698	72 
699	77 
700	100 
701	42 
702	17 
703	22 
704	75 116 
705	53 
706	16 44 
707	32 
708	22 
709	87 
710	108 
711	27 
712	96 
713	64 
714	74 
715	85 
716	22 
717	23 
718	85 
719	85 
720	76 
721	55 
722	56 
723	51 
724	112 
725	92 
726	52 112 
727	69 
728	112 
729	81 92 
730	93 
731	62 
732	14 
733	49 
734	55 
735	10 
736	83 
737	93 
738	72 
739	114 
740	111 
741	53 
742	15 
743	116 
744	10 
745	49 
746	53 86 
747	89 
748	34 
749	38 
750	71 
751	115 
752	46 
753	26 
754	38 
755	115 
756	102 
757	40 
758	50 
759	92 
760	56 
761	111 
762	53 
763	45 
764	35 
765	7 105 
766	55 
767	94 
768	86 
769	55 111 
770	28 
771	23 
772	34 
773	32 85 
774	116 
775	50 
776	17 
777	97 
778	62 
779	27 
780	21 
781	19 
782	83 
783	35 
784	45 
785	52 72 
786	92 
787	47 
788	35 93 
789	92 
790	102 
791	103 
792	45 
793	5 91 
794	55 
795	11 
796	24 
797	5 
798	62 
799	19 
800	50 
801	44 
802	28 
803	41 
804	9 
805	53 
806	1 
807	59 
808	96 
809	16 
810	67 
811	77 83 
812	15 
813	92 
814	113 
815	90 
816	1 
817	31 113 
818	35 
819	56 
820	74 116 
821	10 
822	81 
823	70 
824	87 
825	109 
826	112 
827	93 
828	19 
829	68 
830	9 
831	30 
832	101 
833	97 98 
834	109 
835	89 
836	37 
837	19 
838	112 
839	27 
840	50 
841	76 
842	73 
843	22 
844	25 
845	21 
846	55 
847	57 96 
848	46 
849	72 98 
850	85 
851	39 
852	7 
853	114 
854	41 
855	46 
856	22 
857	13 23 
858	14 35 
859	30 
860	34 
861	77 
862	7 
863	19 68 
864	50 
865	98 
866	77 
867	34 
868	22 
869	51 
870	100 
871	40 
872	27 
873	115 
874	35 
875	115 
876	115 
877	34 
878	64 
879	20 89 
880	106 
881	76 
882	37 
883	21 
884	93 
885	92 
886	113 
887	21 
888	3 
889	44 
890	48 
891	98 
892	92 
893	48 
894	55 
895	76 
896	9 32 
897	71 105 
898	86 
899	17 99 
900	42 
901	7 
902	32 
903	65 
904	67 
905	39 
906	27 
907	13 
908	86 111 
909	49 
910	57 
911	54 
912	20 
913	58 
914	10 
915	70 
916	75 
917	28 
918	38 50 
919	112 
920	96 
921	81 
922	59 
923	102 
924	67 
925	45 
926	28 
927	71 
928	72 
929	45 
930	21 
931	75 
932	111 
933	7 
934	7 
935	54 
936	10 
937	51 
938	79 93 
939	34 
940	100 
941	49 
942	7 
943	90 
944	87 
945	49 
946	20 58 
947	99 
948	108 
949	112 
950	103 
951	17 
952	78 
953	67 
954	115 
955	113 
956	58 
957	39 
958	32 
959	6 
960	40 
961	21 
962	55 
963	5 
964	1 
965	112 
966	53 
967	27 99 
968	46 
969	53 
970	67 
971	79 
972	95 
973	84 
974	14 
975	36 
976	109 
977	75 
978	40 
979	110 
980	5 
981	86 
982	20 70 
983	35 
984	44 
985	67 
986	21 
987	5 
988	58 
989	66 
990	75 
991	90 
992	15 
993	85 
994	19 
995	54 
996	67 
997	100 
998	70 
999	100 
1000	70 
1001	23 
1002	90 
1003	115 
1004	104 
1005	80 
1006	46 113 
1007	42 
1008	40 
1009	22 
1010	28 
1011	38 
1012	45 
1013	114 
1014	19 55 
1015	70 
1016	78 
1017	19 
1018	38 
1019	53 
1020	113 
1021	15 
1022	54 
1023	58 89 
1024	54 
1025	47 
1026	34 115 
1027	70 
1028	19 
1029	20 62 
1030	114 
1031	34 
1032	31 
1033	81 
1034	105 
1035	8 
1036	98 
1037	33 
1038	34 101 
1039	105 
1040	109 
1041	115 
1042	23 100 
1043	116 
1044	5 
1045	115 
1046	22 54 
1047	85 
1048	113 
1049	30 
1050	70 
1051	105 
1052	62 
1053	68 
1054	15 
1055	16 
1056	27 
1057	95 
1058	25 
1059	18 62 
1060	19 
1061	98 
1062	11 
1063	113 
1064	103 
1065	70 
1066	105 
1067	5 
1068	73 
1069	91 
1070	58 
1071	94 
1072	15 
1073	18 
1074	86 
1075	45 99 
1076	1 67 
1077	40 
1078	75 
1079	22 
1080	40 
1081	38 
1082	86 
1083	20 
1084	100 
1085	53 
1086	113 
1087	86 
1088	116 
1089	44 65 
1090	56 
1091	68 
1092	85 
1093	66 
1094	67 
1095	69 
1096	64 
1097	17 98 
1098	70 
1099	111 
1100	44 
1101	20 
1102	56 
1103	23 42 
1104	45 
1105	103 
1106	69 
1107	33 
1108	20 
1109	15 
1110	19 
1111	18 
1112	75 
1113	20 
1114	70 
1115	42 
1116	72 
1117	72 
1118	93 
1119	91 
1120	100 
1121	20 
1122	86 
1123	19 52 
1124	100 
1125	101 
1126	83 
1127	2 
1128	27 50 
1129	43 
1130	2 
1131	49 
1132	40 
1133	36 
1134	37 
1135	86 
1136	48 
1137	87 
1138	56 
1139	11 
1140	115 
1141	7 
1142	30 
1143	34 
1144	14 
1145	38 
1146	36 
1147	8 
1148	70 77 
1149	98 
1150	67 
1151	32 
1152	31 
1153	20 
1154	70 
1155	44 
1156	1 
1157	80 
1158	9 
1159	32 
1160	70 72 
1161	26 
1162	27 
1163	56 
1164	52 
1165	34 
1166	33 
1167	38 
1168	10 
1169	21 
1170	92 
1171	112 
1172	59 
1173	6 
1174	9 
1175	95 
1176	50 
1177	29 
1178	33 
1179	17 
1180	115 
1181	71 
1182	19 
1183	49 
1184	30 
1185	32 
1186	22 71 
1187	49 
1188	36 37 
1189	38 
1190	4 
1191	72 
1192	70 
1193	75 
1194	7 47 
1195	69 
1196	34 72 
1197	5 
1198	8 
1199	60 
1200	74 
1201	111 
1202	95 
1203	85 
1204	44 
1205	38 
1206	45 
1207	105 
1208	31 
1209	7 
1210	106 
1211	83 102 
1212	105 
1213	115 
1214	60 
1215	62 
1216	24 
1217	106 
1218	85 
1219	94 
1220	10 67 
1221	41 
1222	104 
1223	5 
1224	7 74 
1225	86 
1226	40 92 
1227	32 
1228	70 
1229	76 
1230	39 
1231	116 
1232	104 
1233	10 
1234	41 
1235	42 
1236	57 91 
1237	82 
1238	37 
1239	54 
1240	20 
1241	83 
1242	73 
1243	67 
1244	68 70 
1245	3 
1246	43 79 
1247	49 
1248	20 
1249	14 
1250	100 
1251	6 
1252	83 
1253	23 
1254	55 
1255	55 
1256	62 
1257	83 
1258	72 
1259	57 
1260	107 
1261	49 
1262	10 
1263	89 
1264	57 
1265	49 
1266	56 
1267	48 
1268	108 
1269	80 
1270	72 77 
1271	12 
1272	92 
1273	56 
1274	24 
1275	88 
1276	70 
1277	54 
1278	3 36 
1279	55 
1280	102 
1281	72 
1282	4 
1283	93 
1284	43 
1285	73 
1286	100 
1287	1 53 
1288	67 
1289	34 
1290	77 
1291	75 112 
1292	56 
1293	98 
1294	99 
1295	21 25 
1296	45 
1297	73 
1298	27 
1299	13 
1300	84 
1301	110 
1302	11 
1303	51 
1304	62 
1305	30 
1306	47 116 
1307	31 
1308	38 
1309	5 
1310	16 
1311	54 
1312	30 
1313	113 
1314	17 
1315	72 
1316	67 
1317	33 
1318	8 
1319	105 
1320	39 92 
1321	32 
1322	49 71 
1323	70 72 
1324	5 
1325	11 
1326	15 
1327	66 
1328	77 
1329	13 
1330	39 
1331	102 
1332	20 34 
1333	42 
1334	83 
1335	27 
1336	92 
1337	115 
1338	70 
1339	24 71 
1340	45 
1341	19 98 
1342	100 
1343	90 
1344	12 56 
1345	34 42 
1346	35 
1347	18 
1348	82 
1349	21 
1350	77 
1351	97 
1352	62 
1353	15 66 
1354	92 
1355	80 
1356	43 
1357	34 
1358	20 
1359	77 
1360	114 
1361	93 
1362	88 
1363	24 76 
1364	50 
1365	76 
1366	92 
1367	115 
1368	80 
1369	99 
1370	72 
1371	39 
1372	33 
1373	92 
1374	84 
1375	50 115 
1376	53 
1377	101 
1378	78 
1379	22 
1380	110 
1381	72 
1382	54 
1383	112 
1384	23 
1385	4 
1386	63 
1387	15 
1388	31 
1389	34 
1390	88 
1391	19 
1392	81 
1393	109 
1394	95 97 
1395	18 
1396	55 
1397	43 
1398	112 
1399	85 
1400	19 
1401	110 112 
1402	2 
1403	112 
1404	103 
1405	46 
1406	98 
1407	46 
1408	92 
1409	104 
1410	111 
1411	104 
1412	105 
1413	111 
1414	21 
1415	37 
1416	85 
1417	64 
1418	80 
1419	31 
1420	55 
1421	113 
1422	16 
1423	21 
1424	38 
1425	116 
1426	62 
1427	113 
1428	82 
1429	79 
1430	23 33 
1431	14 34 
1432	21 
1433	80 92 
1434	80 
1435	100 
1436	40 
1437	4 110 
1438	34 
1439	77 
1440	78 108 
1441	25 65 
1442	105 
1443	33 
1444	4 
1445	4 97 
1446	71 
1447	16 
1448	59 
1449	4 
1450	107 
1451	21 
1452	85 
1453	13 
1454	83 
1455	114 
1456	32 69 
1457	73 
1458	58 
1459	39 
1460	55 
1461	30 
1462	28 
1463	45 
1464	19 
1465	46 
1466	97 
1467	98 
1468	14 
1469	112 
1470	53 
1471	27 
1472	110 
1473	25 44 
1474	52 
1475	91 
1476	102 
1477	7 
1478	45 
1479	36 
1480	99 
1481	103 
1482	46 
1483	67 
1484	66 
1485	22 23 
1486	28 
1487	82 
1488	31 
1489	54 
1490	98 
1491	40 
1492	95 
1493	34 
1494	55 
1495	33 
1496	77 
1497	7 
1498	32 38 
1499	17 
1500	75 
1501	92 
1502	45 50 
1503	54 
1504	22 
1505	83 101 
1506	35 
1507	53 
1508	53 
1509	62 
1510	1 88 
1511	21 
1512	84 
1513	24 
1514	83 
1515	74 
1516	54 
1517	82 
1518	72 
1519	100 
1520	113 
1521	53 
1522	27 41 
1523	97 
1524	18 
1525	43 
1526	65 
1527	7 75 
1528	83 
1529	13 
1530	5 
1531	59 
1532	55 
1533	80 
1534	34 
1535	81 
1536	92 
1537	10 
1538	40 91 
1539	116 
1540	13 
1541	114 
1542	111 
1543	10 
1544	98 
1545	80 
1546	19 
1547	85 
1548	47 
1549	49 97 
1550	20 
1551	20 
1552	37 112 
1553	85 
1554	40 
1555	54 
1556	46 
1557	19 
1558	67 
1559	91 
1560	86 
1561	45 
1562	27 
1563	17 
1564	95 
1565	25 
1566	61 
1567	10 
1568	67 
1569	39 
1570	28 
1571	100 
1572	50 
1573	116 
1574	30 
1575	20 
1576	58 
1577	5 
1578	19 
1579	112 113 
1580	4 
1581	15 
1582	106 
1583	74 93 
1584	102 
1585	22 
1586	115 
1587	112 
1588	50 
1589	106 
1590	34 
1591	103 
1592	11 74 
1593	53 
1594	38 
1595	88 96 
1596	32 
1597	86 
1598	79 
1599	43 
1600	80 
1601	27 
1602	30 
1603	2 
1604	55 
1605	82 
1606	75 113 
1607	8 38 
1608	15 
1609	90 103 
1610	94 
1611	38 
1612	47 
1613	22 
1614	113 114 
1615	109 
1616	107 
1617	14 
1618	19 66 
1619	55 
1620	32 
1621	21 
1622	61 
1623	104 
1624	14 
1625	27 
1626	2 
1627	34 
1628	70 
1629	9 39 
1630	37 89 
1631	13 49 
1632	53 
1633	55 102 
1634	38 
1635	5 
1636	44 
1637	56 
1638	84 
1639	102 
1640	34 
1641	85 
1642	20 27 
1643	100 
1644	5 
1645	1 
1646	116 
1647	40 
1648	69 
1649	23 
1650	105 
1651	49 
1652	18 
1653	115 
1654	95 
1655	45 
1656	7 
1657	11 
1658	5 
1659	98 
1660	52 
1661	116 
1662	13 84 
1663	1 5 
1664	37 
1665	14 55 
1666	112 
1667	23 
1668	43 
1669	20 
1670	41 
1671	93 
1672	85 
1673	81 
1674	49 
1675	58 114 
1676	107 
1677	28 
1678	105 
1679	11 32 
1680	43 
1681	91 
1682	78 
1683	6 49 
1684	20 
1685	112 
1686	89 
1687	85 
1688	99 
1689	53 
1690	114 
1691	31 
1692	92 
1693	17 
1694	113 
1695	19 
1696	18 
1697	66 
1698	61 
1699	10 
1700	35 
1701	43 
1702	36 
1703	27 
1704	66 
1705	6 
1706	19 44 
1707	38 
1708	3 
1709	93 
1710	110 
1711	101 
1712	17 
1713	84 
1714	18 
1715	98 
1716	61 
1717	108 
1718	66 116 
1719	111 
1720	20 
1721	16 
1722	86 
1723	20 
1724	74 
1725	7 
1726	64 
1727	59 
1728	54 
1729	37 
1730	107 
1731	109 
1732	54 
1733	22 111 
1734	95 
1735	115 
1736	88 
1737	46 
1738	70 
1739	76 
1740	56 
1741	33 
1742	100 
1743	19 
1744	114 
1745	89 
1746	45 
1747	92 
1748	31 
1749	2 98 
1750	44 71 
1751	11 
1752	33 41 
1753	34 
1754	92 
1755	10 67 
1756	61 
1757	7 
1758	89 
1759	84 
1760	116 
1761	35 
1762	7 
1763	7 
1764	38 
1765	111 
1766	83 
1767	70 
1768	114 
1769	18 
1770	100 
1771	57 
1772	94 
1773	53 
1774	29 
1775	40 
1776	85 
1777	62 
1778	47 
1779	40 81 
1780	35 112 
1781	71 
1782	110 
1783	93 
1784	85 
1785	6 
1786	89 
1787	16 
1788	23 
1789	9 
1790	30 
1791	34 70 
1792	101 
1793	53 
1794	21 
1795	88 
1796	14 
1797	41 
1798	106 
1799	53 
1800	105 
1801	76 
1802	34 
1803	100 
1804	66 
1805	84 96 
1806	6 
1807	7 
1808	49 
1809	83 
1810	86 
1811	85 
1812	87 
1813	59 
1814	98 
1815	41 
1816	49 
1817	19 85 
1818	84 
1819	78 
1820	100 
1821	68 
1822	8 24 
1823	100 
1824	52 
1825	25 
1826	44 
1827	76 
1828	36 
1829	32 
1830	57 
1831	50 
1832	86 
1833	34 
1834	19 
1835	19 
1836	77 
1837	92 
1838	77 
1839	45 
1840	90 
1841	9 
1842	8 
1843	102 
1844	60 
1845	82 
1846	49 
1847	52 
1848	85 
1849	15 
1850	49 
1851	89 
1852	89 
1853	89 
1854	31 
1855	12 
1856	21 
1857	38 
1858	83 
1859	28 
1860	60 
1861	70 
1862	33 
1863	43 
1864	85 
1865	19 
1866	58 
1867	43 
1868	32 
1869	111 
1870	73 
1871	49 
1872	11 
1873	43 
1874	31 
1875	56 
1876	41 
1877	77 
1878	105 
1879	63 
1880	113 
1881	87 
1882	58 
1883	57 
1884	31 
1885	52 
1886	73 
1887	26 
1888	20 
1889	89 
1890	111 
1891	58 
1892	92 
1893	72 
1894	25 
1895	55 
1896	17 
1897	89 
1898	7 
1899	36 
1900	37 
1901	67 
1902	38 44 
1903	87 
1904	54 55 
1905	41 
1906	98 
1907	3 107 
1908	15 
1909	13 
1910	66 
1911	15 
1912	104 
1913	34 
1914	58 
1915	34 
1916	41 
1917	13 53 
1918	98 
1919	12 
1920	7 
1921	5 
1922	21 
1923	43 
1924	52 
1925	69 
1926	98 
1927	50 
1928	95 
1929	29 
1930	57 
1931	92 
1932	53 
1933	70 
1934	33 
1935	21 
1936	44 
1937	116 
1938	84 
1939	56 69 
1940	105 
1941	43 73 
1942	41 
1943	2 
1944	53 
1945	33 
1946	53 
1947	98 
1948	61 
1949	100 
1950	94 
1951	27 
1952	8 
1953	39 
1954	111 
1955	23 
1956	42 
1957	99 
1958	111 
1959	1 
1960	84 
1961	35 
1962	21 
1963	9 
1964	12 77 
1965	78 
1966	4 
1967	112 
1968	55 115 
1969	85 
1970	70 
1971	90 
1972	32 
1973	16 
1974	65 
1975	115 
1976	86 
1977	71 
1978	1 78 
1979	5 
1980	84 
1981	61 
1982	11 72 
1983	19 
1984	15 
1985	98 
1986	89 
1987	111 
1988	50 
1989	27 
1990	103 
1991	92 
1992	19 
1993	62 
1994	78 82 
1995	45 
1996	28 
1997	72 
1998	94 
1999	1 19 
2000	40 
2001	98 
2002	73 83 
2003	46 
2004	71 
2005	115 
2006	98 
2007	34 
2008	50 
2009	83 
2010	67 
2011	51 
2012	72 
2013	3 
2014	76 
2015	32 
2016	102 
2017	38 
2018	19 
2019	83 
2020	86 
2021	32 
2022	44 71 
2023	31 
2024	15 
2025	113 
2026	16 
2027	94 
2028	33 
2029	7 15 
2030	98 
2031	92 
2032	77 
2033	70 
2034	16 
2035	88 
2036	93 
2037	22 
2038	21 27 
2039	33 
2040	115 
2041	38 
2042	83 
2043	95 
2044	75 
2045	105 
2046	42 
2047	105 
2048	111 
2049	54 
2050	80 
2051	71 
2052	108 
2053	57 61 
2054	11 
2055	76 
2056	111 
2057	13 
2058	26 
2059	20 
2060	39 
2061	62 
2062	116 
2063	26 
2064	103 
2065	4 
2066	14 
2067	116 
2068	33 82 
2069	35 
2070	17 
2071	64 72 
2072	57 
2073	41 61 
2074	6 
2075	96 
2076	58 
2077	92 
2078	53 
2079	54 
2080	83 
2081	21 
2082	77 
2083	32 
2084	9 
2085	113 
2086	68 
2087	7 
2088	88 
2089	34 
2090	19 
2091	51 
2092	21 
2093	98 
2094	38 
2095	85 
2096	96 
2097	45 
2098	62 
2099	21 
2100	50 
2101	20 35 
2102	105 
2103	19 
2104	91 
2105	50 
2106	44 100 
2107	6 
2108	61 66 
2109	80 
2110	70 
2111	22 
2112	114 
2113	29 
2114	115 
2115	64 116 
2116	50 112 
2117	70 
2118	20 
2119	109 
2120	25 
2121	90 
2122	44 
2123	34 
2124	15 
2125	44 
2126	63 
2127	83 
2128	92 
2129	91 
2130	20 67 
2131	52 
2132	21 
2133	11 
2134	33 
2135	11 
2136	93 
2137	13 
2138	74 
2139	21 
2140	83 
2141	23 
2142	20 
2143	33 72 
2144	8 
2145	111 
2146	5 54 
2147	11 
2148	91 
2149	54 
2150	107 
2151	16 
2152	78 
2153	45 
2154	47 
2155	63 
2156	45 
2157	73 
2158	44 
2159	10 
2160	6 
2161	111 
2162	66 
2163	76 
2164	43 
2165	43 70 
2166	32 
2167	17 
2168	7 
2169	67 
2170	46 
2171	70 
2172	26 27 
2173	102 
2174	27 
2175	111 
2176	40 
2177	20 
2178	78 
2179	106 
2180	50 
2181	91 
2182	15 
2183	15 99 
2184	85 
2185	66 
2186	94 
2187	53 
2188	95 
2189	95 
2190	31 88 
2191	60 
2192	17 
2193	51 
2194	39 
2195	43 
2196	19 56 
2197	73 
2198	87 
2199	79 112 
2200	70 111 
2201	7 
2202	9 
2203	13 
2204	97 
2205	95 
2206	73 
2207	30 
2208	38 
2209	32 
2210	51 
2211	41 
2212	85 
2213	102 
2214	80 
2215	27 
2216	91 
2217	3 
2218	9 
2219	76 
2220	107 
2221	83 
2222	39 
2223	88 
2224	27 
2225	45 
2226	70 
2227	116 
2228	57 
2229	29 
2230	31 95 
2231	17 
2232	77 98 
2233	111 
2234	57 
2235	54 
2236	31 
2237	50 
2238	98 109 
2239	16 
2240	102 
2241	116 
2242	27 57 
2243	97 
2244	81 
2245	18 38 
2246	59 
2247	100 
2248	114 
2249	89 
2250	52 111 
2251	102 
2252	96 
2253	7 
2254	10 
2255	105 
2256	21 
2257	111 
2258	94 
2259	7 
2260	54 
2261	71 
2262	13 33 
2263	56 114 
2264	17 
2265	39 
2266	33 82 
2267	107 
2268	105 
2269	98 
2270	101 
2271	22 27 
2272	44 
2273	9 
2274	29 
2275	71 
2276	20 
2277	35 
2278	27 
2279	83 
2280	36 
2281	70 
2282	45 
2283	40 
2284	28 
2285	19 
2286	54 
2287	62 
2288	55 
2289	10 
2290	74 
2291	94 
2292	50 
2293	13 
2294	45 
2295	115 
2296	67 
2297	109 112 
2298	49 
2299	85 
2300	80 
2301	13 
2302	67 
2303	101 
2304	29 
2305	79 
2306	89 
2307	16 
2308	55 
2309	22 
2310	37 
2311	61 
2312	93 
2313	20 
2314	99 
2315	28 
2316	56 
2317	35 
2318	32 
2319	95 
2320	1 
2321	27 
2322	27 
2323	60 
2324	62 
2325	98 
2326	36 
2327	39 
2328	31 
2329	100 
2330	66 86 
2331	93 
2332	27 
2333	81 
2334	15 
2335	55 
2336	22 50 
2337	55 
2338	91 
2339	55 
2340	60 78 
2341	70 
2342	33 
2343	5 
2344	71 
2345	85 
2346	85 
2347	111 
2348	39 
2349	80 
2350	103 
2351	45 
2352	36 
2353	36 87 
2354	7 
2355	92 
2356	50 
2357	34 
2358	63 
2359	86 89 
2360	19 
2361	24 
2362	56 
2363	93 
2364	61 
2365	71 
2366	93 
2367	95 
2368	90 
2369	70 110 
2370	34 
2371	41 46 
2372	61 
2373	9 
2374	97 
2375	17 31 
2376	27 62 
2377	30 
2378	92 
2379	113 
2380	100 
2381	62 
2382	44 
2383	93 
2384	86 110 
2385	26 
2386	52 
2387	70 
2388	91 
2389	59 
2390	18 
2391	116 
2392	105 
2393	38 
2394	40 
2395	116 
2396	78 
2397	102 
2398	39 
2399	71 
2400	31 
2401	95 
2402	7 
2403	12 
2404	112 
2405	2 
2406	45 
2407	108 
2408	43 
2409	72 
2410	10 
2411	7 
2412	49 
2413	92 
2414	95 
2415	46 
2416	91 
2417	92 
2418	9 
2419	76 
2420	93 
2421	54 
2422	86 
2423	108 
2424	3 15 
2425	39 
2426	49 
2427	45 
2428	47 
2429	83 
2430	67 102 
2431	107 
2432	18 
2433	54 
2434	49 
2435	20 
2436	9 
2437	70 
2438	16 
2439	81 
2440	108 
2441	88 
2442	30 102 
2443	50 
2444	91 
2445	91 
2446	21 
2447	77 
2448	44 77 
2449	73 
2450	100 
2451	27 
2452	33 
2453	49 
2454	108 
2455	110 
2456	34 
2457	5 84 
2458	21 
2459	63 
2460	22 
2461	57 
2462	48 
2463	65 
2464	71 98 
2465	33 
2466	27 31 
2467	39 
2468	27 
2469	76 
2470	21 
2471	45 
2472	4 
2473	15 
2474	31 
2475	91 
2476	113 
2477	25 
2478	45 
2479	95 
2480	45 
2481	112 
2482	92 104 
2483	75 
2484	48 
2485	61 
2486	15 
2487	16 90 
2488	44 
2489	74 
2490	103 
2491	23 
2492	17 
2493	86 
2494	28 84 
2495	79 
2496	65 
2497	86 
2498	112 
2499	34 
2500	37 
2501	101 
2502	45 
2503	22 36 
2504	27 
2505	25 
2506	72 
2507	7 
2508	5 
2509	97 
2510	70 115 
2511	32 
2512	114 
2513	78 
2514	19 
2515	45 
2516	77 
2517	40 
2518	28 
2519	90 113 
2520	7 
2521	27 
2522	70 
2523	82 
2524	82 
2525	20 
2526	28 
2527	46 
2528	37 
2529	40 112 
2530	100 
2531	116 
2532	73 
2533	74 
2534	36 
2535	72 
2536	111 
2537	7 78 
2538	75 
2539	19 76 
2540	50 
2541	8 
2542	72 
2543	54 
2544	92 
2545	10 
2546	21 22 
2547	91 
2548	60 
2549	3 
2550	13 102 
2551	83 
2552	49 
2553	83 
2554	111 
2555	2 
2556	2 
2557	63 
2558	93 
2559	112 
2560	58 
2561	32 
2562	3 
2563	90 
2564	9 
2565	85 94 
2566	35 55 
2567	27 112 
2568	39 
2569	5 
2570	65 
2571	77 
2572	98 
2573	71 
2574	112 
2575	45 
2576	70 
2577	45 92 
2578	96 
2579	13 
2580	80 
2581	113 
2582	95 
2583	27 
2584	59 
2585	1 
2586	20 55 
2587	33 
2588	111 
2589	40 
2590	31 50 
2591	6 
2592	113 
2593	96 
2594	23 
2595	75 
2596	7 
2597	49 
2598	48 
2599	20 67 
2600	46 50 
2601	67 
2602	22 
2603	38 
2604	53 
2605	20 
2606	49 
2607	45 
2608	105 
2609	9 
2610	33 
2611	43 
2612	70 
2613	92 
2614	19 
2615	71 
2616	99 
2617	15 54 
2618	53 
2619	53 
2620	4 
2621	98 
2622	53 
2623	94 
2624	89 
2625	45 
2626	20 
2627	38 
2628	110 
2629	6 
2630	78 
2631	64 
2632	100 
2633	112 
2634	13 
2635	92 
2636	50 
2637	26 
2638	52 
2639	12 
2640	98 
2641	44 
2642	55 
2643	59 
2644	27 
2645	81 
2646	57 
2647	15 
2648	27 113 
2649	52 
2650	88 
2651	28 
2652	80 
2653	4 
2654	31 
2655	64 
2656	65 
2657	92 
2658	53 
2659	113 
2660	41 
2661	94 
2662	50 
2663	42 
2664	83 
2665	16 
2666	45 
2667	49 
2668	79 
2669	73 
2670	100 
2671	4 
2672	20 
2673	40 
2674	45 
2675	13 
2676	85 
2677	29 
2678	32 
2679	87 
2680	66 
2681	10 
2682	85 
2683	24 
2684	81 
2685	92 
2686	42 
2687	116 
2688	40 
2689	10 
2690	92 
2691	82 
2692	4 49 
2693	18 
2694	115 
2695	92 
2696	100 
2697	4 
2698	29 71 
2699	72 
2700	67 
2701	34 
2702	30 
2703	21 
2704	16 
2705	105 
2706	62 
2707	57 
2708	23 
2709	23 
2710	99 
2711	10 
2712	55 
2713	31 
2714	85 
2715	75 
2716	39 
2717	39 
2718	39 
2719	53 
2720	9 
2721	2 59 
2722	19 
2723	10 
2724	45 
2725	53 
2726	88 
2727	29 
2728	50 
2729	17 
2730	6 
2731	18 48 
2732	43 
2733	58 
2734	25 
2735	21 
2736	21 
2737	41 
2738	2 
2739	10 
2740	47 
2741	62 
2742	55 
2743	5 
2744	46 
2745	77 
2746	64 65 
2747	38 
2748	90 
2749	2 
2750	43 
2751	70 
2752	45 
2753	17 
2754	33 
2755	101 
2756	44 
2757	67 
2758	38 
2759	33 67 
2760	36 
2761	5 
2762	77 
2763	40 
2764	63 
2765	44 
2766	73 
2767	75 110 
2768	116 
2769	50 
2770	21 
2771	53 
2772	1 
2773	61 
2774	105 
2775	104 
2776	16 
2777	68 
2778	59 
2779	55 
2780	97 
2781	32 
2782	83 
2783	73 
2784	2 
2785	45 
2786	67 
2787	36 
2788	111 
2789	77 
2790	72 
2791	38 
2792	23 83 
2793	63 99 
2794	19 
2795	105 
2796	41 
2797	105 
2798	67 
2799	62 
2800	107 
2801	41 
2802	106 
2803	23 
2804	77 
2805	15 
2806	53 
2807	32 
2808	114 
2809	5 
2810	55 
2811	114 
2812	49 
2813	11 
2814	54 
2815	86 
2816	72 
2817	107 
2818	73 
2819	116 
2820	45 
2821	34 
2822	30 
2823	70 
2824	41 
2825	32 
2826	66 
2827	70 
2828	83 
2829	51 
2830	70 
2831	67 
2832	90 
2833	31 45 
2834	53 
2835	90 
2836	24 
2837	3 
2838	19 
2839	45 
2840	93 
2841	76 
2842	72 
2843	89 
2844	100 
2845	27 
2846	85 
2847	15 
2848	99 
2849	21 
2850	84 
2851	91 
2852	41 
2853	37 
2854	6 
2855	31 
2856	83 
2857	42 
2858	77 
2859	75 
2860	70 
2861	5 
2862	67 
2863	111 
2864	40 
2865	79 
2866	10 110 
2867	21 
2868	71 
2869	115 
2870	37 
2871	79 
2872	56 
2873	103 
2874	8 
2875	20 
2876	13 32 
2877	11 
2878	46 
2879	52 
2880	19 
2881	73 
2882	111 
2883	43 
2884	49 
2885	114 
2886	53 
2887	21 24 
2888	109 
2889	52 
2890	44 
2891	80 
2892	114 
2893	55 
2894	28 
2895	62 
2896	111 
2897	49 86 
2898	102 
2899	20 
2900	50 
2901	19 
2902	45 
2903	98 
2904	5 
2905	59 
2906	111 
2907	35 
2908	15 
2909	21 
2910	66 
2911	23 
2912	80 
2913	55 
2914	101 
2915	34 
2916	8 
2917	58 115 
2918	56 
2919	4 49 
2920	43 
2921	98 
2922	50 
2923	54 
2924	21 32 
2925	70 
2926	81 
2927	91 
2928	55 
2929	100 
2930	40 
2931	67 
2932	34 
2933	7 
2934	83 
2935	8 
2936	70 
2937	113 
2938	112 
2939	92 
2940	19 
2941	37 
2942	91 
2943	78 
2944	5 
2945	95 105 
2946	46 72 
2947	62 91 
2948	112 
2949	19 
2950	43 
2951	92 
2952	86 
2953	3 
2954	93 
2955	75 
2956	49 
2957	77 
2958	53 
2959	21 
2960	12 
2961	10 37 
2962	91 
2963	109 
2964	72 
2965	27 
2966	55 
2967	29 85 
2968	104 
2969	40 
2970	14 
2971	47 
2972	49 
2973	45 
2974	46 
2975	80 
2976	80 
2977	111 
2978	62 
2979	7 
2980	34 
2981	97 
2982	60 
2983	37 
2984	20 
2985	39 
2986	30 
2987	27 
2988	7 
2989	37 
2990	5 
2991	114 
2992	38 
2993	63 
2994	77 
2995	91 
2996	39 45 
2997	92 
2998	1 
2999	30 
3000	30 
3001	34 
3002	24 
3003	88 
3004	94 
3005	20 
3006	10 57 
3007	75 
3008	112 
3009	94 
3010	17 
3011	112 
3012	49 
3013	88 
3014	40 
3015	7 
3016	16 
3017	116 
3018	102 
3019	19 
3020	91 
3021	54 
3022	17 
3023	73 
3024	8 
3025	83 
3026	111 
3027	15 77 
3028	3 
3029	73 
3030	70 
3031	17 
3032	22 
3033	12 
3034	100 
3035	32 
3036	19 
3037	22 
3038	31 
3039	53 83 
3040	9 
3041	70 
3042	61 83 
3043	113 
3044	70 
3045	45 
3046	67 110 
3047	27 60 
3048	26 
3049	53 
3050	50 
3051	7 
3052	16 
3053	9 86 
3054	92 
3055	19 
3056	112 
3057	109 
3058	104 
3059	116 
3060	74 77 
3061	112 
3062	115 
3063	56 
3064	104 
3065	6 
3066	44 
3067	19 
3068	63 
3069	34 
3070	21 
3071	87 
3072	51 
3073	32 
3074	57 
3075	56 
3076	79 
3077	98 
3078	28 
3079	27 
3080	44 
3081	100 
3082	46 
3083	111 
3084	55 
3085	17 74 
3086	16 
3087	116 
3088	22 
3089	79 
3090	77 
3091	116 
3092	85 
3093	94 
3094	56 
3095	13 
3096	21 
3097	112 
3098	41 
3099	17 
3100	45 
3101	32 
3102	70 
3103	67 
3104	23 
3105	21 
3106	60 
3107	89 112 
3108	2 33 
3109	86 
3110	111 
3111	70 
3112	46 
3113	100 
3114	67 71 
3115	42 
3116	27 
3117	43 
3118	71 
3119	40 
3120	45 
3121	32 
3122	44 
3123	68 
3124	19 
3125	22 
3126	21 
3127	26 
3128	61 
3129	5 
3130	115 
3131	24 
3132	2 
3133	56 
3134	82 
3135	19 
3136	31 
3137	71 
3138	21 
3139	31 
3140	71 
3141	63 
3142	86 
3143	44 
3144	112 
3145	5 
3146	64 
3147	5 34 
3148	88 
3149	25 
3150	35 40 
3151	53 
3152	106 
3153	32 65 
3154	53 
3155	75 
3156	110 
3157	5 29 
3158	13 
3159	4 7 
3160	1 17 
3161	95 
3162	73 
3163	32 
3164	64 
3165	53 
3166	26 
3167	116 
3168	67 
3169	97 
3170	22 
3171	11 80 
3172	10 54 
3173	112 
3174	27 
3175	112 
3176	67 
3177	19 
3178	51 
3179	27 
3180	85 105 
3181	20 70 
3182	36 
3183	92 
3184	29 
3185	109 
3186	44 
3187	5 
3188	7 
3189	77 
3190	80 
3191	71 
3192	28 
3193	55 
3194	25 
3195	10 
3196	67 
3197	69 
3198	32 
3199	39 
3200	96 
3201	9 
3202	20 
3203	11 77 
3204	10 
3205	102 
3206	13 103 
3207	44 
3208	87 
3209	44 
3210	97 
3211	33 
3212	102 
3213	21 
3214	5 47 
3215	31 
3216	91 
3217	11 112 
3218	54 
3219	32 
3220	3 83 
3221	33 
3222	15 
3223	13 
3224	89 
3225	116 
3226	14 105 
3227	57 
3228	20 99 
3229	46 
3230	36 
3231	2 
3232	89 
3233	9 
3234	47 
3235	49 53 
3236	12 
3237	75 
3238	37 
3239	91 
3240	46 
3241	35 
3242	100 
3243	92 
3244	114 
3245	90 
3246	115 
3247	16 
3248	70 
3249	42 
3250	12 85 
3251	27 
3252	34 
3253	70 114 
3254	34 
3255	102 
3256	53 
3257	10 
3258	48 
3259	53 
3260	96 
3261	72 
3262	36 
3263	80 
3264	21 
3265	34 
3266	28 
3267	76 
3268	5 
3269	86 
3270	115 
3271	65 
3272	83 
3273	70 
3274	8 
3275	21 102 
3276	72 
3277	112 
3278	49 
3279	19 
3280	114 
3281	30 
3282	37 
3283	75 
3284	44 
3285	51 
3286	61 
3287	34 
3288	21 
3289	102 
3290	100 
3291	21 
3292	31 
3293	30 
3294	49 
3295	71 
3296	41 
3297	13 
3298	41 
3299	39 
3300	49 
3301	51 
3302	14 
3303	5 
3304	32 55 
3305	99 
3306	115 
3307	85 
3308	64 
3309	83 
3310	61 
3311	61 
3312	87 
3313	95 
3314	59 
3315	35 
3316	108 
3317	116 
3318	26 
3319	31 
3320	43 
3321	72 
3322	83 
3323	78 
3324	19 
3325	89 
3326	43 
3327	27 
3328	114 
3329	111 
3330	2 
3331	53 
3332	91 
3333	98 
3334	86 
3335	67 
3336	40 
3337	5 
3338	31 
3339	49 
3340	7 
3341	62 106 
3342	44 
3343	60 
3344	85 
3345	52 
3346	2 
3347	19 
3348	80 
3349	70 
3350	86 
3351	62 
3352	4 
3353	8 
3354	115 
3355	91 
3356	37 
3357	85 
3358	53 
3359	91 
3360	101 
3361	105 
3362	98 
3363	30 
3364	112 
3365	50 
3366	112 
3367	98 
3368	34 
3369	105 
3370	17 105 
3371	101 
3372	103 
3373	22 
3374	59 
3375	81 104 
3376	75 
3377	10 
3378	98 
3379	59 76 
3380	20 78 
3381	54 
3382	41 
3383	53 
3384	15 
3385	27 
3386	105 
3387	23 
3388	44 
3389	22 
3390	22 
3391	70 
3392	30 
3393	50 
3394	94 
3395	74 
3396	18 
3397	56 
3398	16 
3399	44 
3400	8 
3401	111 
3402	14 98 
3403	17 
3404	21 
3405	33 
3406	109 
3407	15 21 
3408	76 
3409	97 
3410	83 
3411	7 
3412	95 
3413	91 
3414	59 
3415	20 
3416	17 
3417	37 
3418	45 
3419	53 
3420	17 
3421	68 114 
3422	86 
3423	54 
3424	65 75 
3425	34 
3426	23 
3427	40 
3428	23 
3429	58 
3430	49 
3431	80 
3432	23 
3433	41 
3434	115 
3435	46 
3436	81 
3437	44 
3438	45 
3439	72 
3440	97 
3441	111 
3442	23 
3443	103 
3444	14 70 
3445	46 
3446	62 
3447	62 
3448	20 
3449	63 
3450	7 
3451	43 
3452	33 
3453	47 
3454	7 92 
3455	10 
3456	35 
3457	114 
3458	95 
3459	91 
3460	93 
3461	102 
3462	30 91 
3463	1 
3464	32 
3465	7 
3466	77 
3467	22 
3468	32 114 
3469	16 
3470	71 
3471	11 
3472	111 
3473	98 
3474	16 
3475	3 
3476	76 
3477	108 
3478	19 
3479	80 
3480	70 
3481	29 
3482	10 53 
3483	86 
3484	99 
3485	20 
3486	85 
3487	6 
3488	35 
3489	52 75 
3490	32 
3491	17 
3492	79 
3493	100 
3494	33 
3495	100 
3496	83 
3497	111 
3498	40 
3499	72 
3500	81 
3501	16 
3502	78 86 
3503	106 
3504	8 
3505	37 
3506	77 
3507	98 
3508	4 
3509	7 
3510	40 116 
3511	4 
3512	19 110 
3513	87 
3514	83 
3515	10 
3516	100 
3517	50 
3518	86 
3519	37 
3520	4 
3521	23 81 
3522	50 
3523	10 
3524	70 
3525	80 
3526	72 
3527	7 
3528	47 67 
3529	78 
3530	55 
3531	107 
3532	14 62 
3533	34 
3534	34 
3535	70 
3536	24 50 
3537	33 
3538	10 13 
3539	20 56 
3540	108 
3541	67 
3542	34 
3543	79 
3544	77 
3545	5 
3546	81 
3547	107 
3548	88 
3549	52 
3550	108 
3551	85 
3552	62 
3553	98 
3554	112 
3555	21 69 
3556	20 85 
3557	5 29 
3558	25 
3559	89 
3560	13 
3561	2 
3562	98 
3563	55 
3564	89 
3565	26 
3566	8 
3567	17 
3568	30 
3569	112 
3570	19 82 
3571	70 
3572	17 88 
3573	51 
3574	98 113 
3575	109 
3576	32 
3577	8 
3578	103 
3579	4 
3580	109 115 
3581	72 
3582	91 
3583	35 
3584	76 
3585	86 
3586	94 
3587	65 
3588	92 
3589	29 
3590	28 
3591	103 
3592	93 
3593	55 
3594	87 
3595	37 
3596	21 
3597	82 
3598	44 
3599	70 
3600	107 
3601	23 
3602	95 
3603	115 
3604	44 
3605	87 
3606	21 
3607	101 
3608	77 
3609	29 
3610	22 
3611	104 115 
3612	44 
3613	71 
3614	93 
3615	108 
3616	67 
3617	30 
3618	35 68 
3619	34 
3620	5 
3621	8 
3622	47 
3623	97 
3624	33 36 
3625	81 
3626	77 
3627	83 
3628	76 
3629	5 
3630	23 30 
3631	50 
3632	71 
3633	80 
3634	57 
3635	115 
3636	73 
3637	95 
3638	94 
3639	49 
3640	13 
3641	22 
3642	43 
3643	105 
3644	19 
3645	91 
3646	48 
3647	51 
3648	80 90 
3649	109 
3650	111 
3651	55 
3652	97 
3653	116 
3654	72 
3655	19 
3656	21 
3657	18 
3658	73 
3659	116 
3660	41 
3661	83 
3662	43 84 
3663	92 
3664	110 
3665	40 
3666	53 
3667	85 
3668	16 
3669	80 
3670	21 25 
3671	40 
3672	1 
3673	22 
3674	94 
3675	26 
3676	25 
3677	88 
3678	64 
3679	31 
3680	100 
3681	67 
3682	51 
3683	7 80 
3684	83 
3685	45 
3686	56 84 
3687	98 
3688	73 
3689	98 
3690	30 
3691	115 
3692	44 
3693	45 
3694	28 
3695	78 
3696	116 
3697	19 
3698	83 
3699	6 
3700	31 
3701	44 
3702	87 
3703	72 
3704	36 85 
3705	114 
3706	1 
3707	87 
3708	114 
3709	53 
3710	77 
3711	75 85 
3712	25 87 
3713	31 
3714	32 
3715	33 
3716	32 
3717	25 
3718	73 
3719	92 
3720	10 
3721	111 
3722	98 
3723	63 
3724	86 
3725	112 
3726	3 
3727	52 
3728	86 
3729	116 
3730	31 
3731	19 
3732	10 
3733	92 
3734	43 
3735	113 
3736	1 11 
3737	29 
3738	49 91 
3739	5 25 
3740	16 55 
3741	43 
3742	33 
3743	19 
3744	27 
3745	34 70 
3746	75 85 
3747	19 67 
3748	16 
3749	46 
3750	54 
3751	64 
3752	116 
3753	105 
3754	35 
3755	51 
3756	5 
3757	21 
3758	53 60 
3759	106 
3760	83 
3761	45 
3762	91 
3763	80 
3764	27 
3765	23 
3766	98 
3767	92 
3768	5 
3769	79 
3770	58 
3771	53 
3772	41 116 
3773	105 
3774	97 
3775	39 
3776	8 110 
3777	1 
3778	40 
3779	6 
3780	39 112 
3781	104 
3782	79 
3783	22 
3784	76 
3785	17 
3786	34 
3787	49 
3788	56 
3789	7 
3790	7 
3791	102 
3792	32 
3793	68 
3794	114 
3795	41 
3796	113 
3797	8 
3798	40 58 
3799	30 
3800	110 
3801	2 
3802	111 
3803	34 
3804	6 17 
3805	66 
3806	26 
3807	7 
3808	9 
3809	55 
3810	70 
3811	113 
3812	13 
3813	49 
3814	44 
3815	86 
3816	44 
3817	46 
3818	30 
3819	83 
3820	44 
3821	60 
3822	3 
3823	27 
3824	98 
3825	27 
3826	80 
3827	65 
3828	54 
3829	87 
3830	50 
3831	39 
3832	106 
3833	10 
3834	74 
3835	34 
3836	41 
3837	88 
3838	73 
3839	68 
3840	69 
3841	45 
3842	83 
3843	112 
3844	20 
3845	80 
3846	5 
3847	3 
3848	6 
3849	10 
3850	11 
3851	78 
3852	17 
3853	50 110 
3854	31 
3855	41 
3856	31 
3857	93 
3858	83 
3859	88 
3860	113 
3861	77 
3862	99 
3863	74 
3864	2 
3865	49 95 
3866	82 
3867	15 
3868	71 
3869	12 
3870	4 
3871	62 
3872	62 
3873	30 
3874	110 
3875	108 
3876	34 
3877	70 
3878	52 
3879	50 70 
3880	98 
3881	52 
3882	28 
3883	34 
3884	66 
3885	116 
3886	28 
3887	68 
3888	67 
3889	45 
3890	61 
3891	10 105 
3892	115 
3893	112 
3894	27 
3895	53 70 
3896	72 
3897	14 
3898	27 
3899	10 
3900	7 77 
3901	115 
3902	5 
3903	6 
3904	103 
3905	8 
3906	71 
3907	96 
3908	63 
3909	44 
3910	103 
3911	17 
3912	58 
3913	8 
3914	112 
3915	44 
3916	98 
3917	102 
3918	82 
3919	50 
3920	53 
3921	113 
3922	45 
3923	27 
3924	111 
3925	93 
3926	40 
3927	7 
3928	39 
3929	50 85 
3930	29 
3931	78 
3932	53 
3933	83 
3934	34 
3935	21 
3936	95 
3937	86 
3938	101 
3939	37 
3940	61 
3941	60 
3942	99 
3943	52 
3944	80 
3945	53 
3946	33 86 
3947	98 
3948	5 
3949	56 
3950	91 
3951	91 
3952	88 
3953	19 
3954	102 
3955	27 
3956	82 
3957	112 
3958	19 
3959	40 
3960	93 
3961	100 
3962	45 
3963	5 
3964	63 
3965	4 23 
3966	92 
3967	54 
3968	47 
3969	84 
3970	54 
3971	70 97 
3972	96 
3973	34 
3974	32 
3975	116 
3976	53 
3977	49 
3978	20 
3979	100 
3980	26 
3981	112 
3982	25 
3983	85 
3984	80 
3985	46 
3986	114 
3987	83 
3988	13 
3989	39 
3990	75 
3991	50 
3992	72 83 
3993	49 
3994	77 
3995	98 
3996	66 
3997	49 
3998	58 
3999	108 
4000	33 
4001	56 
4002	54 
4003	67 
4004	52 
4005	10 
4006	95 
4007	41 
4008	98 
4009	10 
4010	73 
4011	95 
4012	39 
4013	24 
4014	100 
4015	116 
4016	23 
4017	83 
4018	12 
4019	27 98 
4020	53 
4021	17 89 
4022	39 
4023	50 
4024	50 103 
4025	45 
4026	47 
4027	83 
4028	56 
4029	51 
4030	44 
4031	97 
4032	103 
4033	3 
4034	24 
4035	76 
4036	39 
4037	46 
4038	78 
4039	88 
4040	40 
4041	50 
4042	100 
4043	71 
4044	70 
4045	77 
4046	96 
4047	7 
4048	20 89 
4049	29 
4050	106 
4051	53 55 
4052	68 76 
4053	15 
4054	91 
4055	35 97 
4056	113 
4057	32 39 
4058	116 
4059	62 
4060	23 
4061	21 
4062	101 103 
4063	78 
4064	112 
4065	57 
4066	116 
4067	32 
4068	9 19 
4069	111 
4070	27 
4071	38 
4072	45 64 
4073	45 
4074	54 
4075	81 
4076	114 
4077	72 
4078	24 92 
4079	34 
4080	73 
4081	22 
4082	100 
4083	37 40 
4084	16 
4085	100 
4086	40 
4087	7 53 
4088	94 
4089	23 
4090	43 
4091	40 
4092	10 
4093	95 
4094	12 
4095	100 
4096	32 
4097	56 
4098	81 
4099	73 
4100	67 
4101	114 
4102	22 
4103	22 95 
4104	18 
4105	101 
4106	71 
4107	14 100 
4108	50 
4109	114 
4110	37 
4111	44 
4112	34 77 
4113	116 
4114	76 
4115	100 
4116	19 
4117	113 
4118	55 
4119	28 116 
4120	54 
4121	44 
4122	15 
4123	116 
4124	71 
4125	19 
4126	15 
4127	2 
4128	112 
4129	27 
4130	72 
4131	20 
4132	50 
4133	32 
4134	70 
4135	20 
4136	94 
4137	111 
4138	53 
4139	8 
4140	83 
4141	62 
4142	67 
4143	105 
4144	60 
4145	2 
4146	9 50 
4147	27 
4148	38 
4149	49 
4150	34 
4151	103 
4152	77 
4153	39 
4154	101 
4155	79 
4156	65 
4157	91 
4158	11 
4159	44 
4160	114 
4161	109 
4162	20 
4163	44 
4164	53 
4165	105 
4166	67 
4167	27 
4168	83 
4169	15 
4170	9 
4171	16 22 
4172	40 
4173	115 
4174	92 
4175	48 
4176	93 
4177	105 
4178	42 
4179	78 116 
4180	20 53 
4181	114 
4182	31 
4183	114 
4184	8 
4185	21 
4186	61 
4187	62 
4188	81 
4189	17 
4190	104 
4191	50 
4192	19 
4193	53 62 
4194	92 
4195	35 
4196	76 
4197	40 
4198	54 
4199	30 
4200	13 
4201	40 
4202	37 70 
4203	98 
4204	1 85 
4205	86 
4206	53 
4207	34 
4208	111 
4209	40 
4210	5 
4211	72 
4212	19 86 
4213	26 
4214	63 91 
4215	111 
4216	107 
4217	108 
4218	30 
4219	66 
4220	51 
4221	66 
4222	64 112 
4223	114 
4224	55 
4225	23 
4226	84 
4227	108 
4228	6 10 
4229	92 
4230	73 
4231	45 
4232	85 
4233	9 
4234	111 
4235	39 
4236	18 
4237	93 
4238	50 
4239	83 
4240	45 
4241	39 
4242	4 
4243	62 109 
4244	86 
4245	100 
4246	72 
4247	99 
4248	16 
4249	26 
4250	19 
4251	20 
4252	16 
4253	20 46 
4254	22 
4255	28 
4256	34 
4257	47 
4258	24 
4259	95 
4260	12 
4261	72 
4262	62 
4263	20 
4264	15 
4265	112 
4266	57 
4267	73 
4268	47 115 
4269	111 
4270	25 
4271	73 
4272	1 
4273	40 
4274	41 
4275	53 
4276	34 
4277	79 
4278	72 
4279	73 
4280	22 
4281	80 
4282	45 
4283	17 
4284	102 
4285	48 
4286	9 
4287	5 
4288	33 
4289	62 
4290	85 
4291	34 
4292	22 
4293	114 
4294	49 
4295	35 
4296	90 
4297	71 
4298	14 
4299	35 
4300	105 
4301	73 
4302	36 
4303	16 
4304	7 
4305	43 
4306	21 
4307	17 
4308	43 
4309	97 
4310	32 
4311	97 
4312	7 
4313	73 
4314	72 
4315	46 99 
4316	80 
4317	82 
4318	98 
4319	50 
4320	16 
4321	52 
4322	113 
4323	50 
4324	85 
4325	33 45 
4326	110 
4327	6 55 
4328	48 
4329	27 
4330	69 
4331	22 102 
4332	24 
4333	8 
4334	34 
4335	103 
4336	39 
4337	67 
4338	113 
4339	64 
4340	34 
4341	17 23 
4342	23 
4343	82 
4344	113 
4345	26 
4346	13 
4347	5 
4348	43 
4349	53 
4350	21 35 
4351	88 
4352	38 
4353	39 
4354	71 
4355	65 
4356	13 
4357	61 
4358	72 
4359	52 
4360	31 
4361	10 
4362	44 
4363	109 
4364	83 
4365	20 
4366	62 
4367	80 
4368	47 
4369	40 
4370	24 54 
4371	20 
4372	98 
4373	92 
4374	33 
4375	42 
4376	32 
4377	15 
4378	83 
4379	112 
4380	10 
4381	16 
4382	68 
4383	62 
4384	51 80 
4385	107 
4386	115 
4387	27 
4388	53 
4389	46 
4390	33 
4391	5 
4392	70 105 
4393	102 
4394	25 49 
4395	115 
4396	49 
4397	7 
4398	70 
4399	92 
4400	80 
4401	67 
4402	8 
4403	3 
4404	42 
4405	87 
4406	106 
4407	88 
4408	27 
4409	14 
4410	77 
4411	59 
4412	54 
4413	100 
4414	13 
4415	94 
4416	11 
4417	45 
4418	49 
4419	43 
4420	105 
4421	107 
4422	105 
4423	21 
4424	49 
4425	85 
4426	34 
4427	90 
4428	29 
4429	54 
4430	22 
4431	77 
4432	35 
4433	50 
4434	78 
4435	44 
4436	3 
4437	77 
4438	74 
4439	91 
4440	37 111 
4441	94 
4442	55 
4443	2 
4444	111 
4445	71 
4446	15 
4447	86 
4448	20 
4449	92 
4450	19 
4451	57 79 
4452	40 116 
4453	12 
4454	45 
4455	19 
4456	31 
4457	90 
4458	86 
4459	105 
4460	34 
4461	53 
4462	65 
4463	35 
4464	66 
4465	31 
4466	57 
4467	53 
4468	28 
4469	83 
4470	100 
4471	69 
4472	112 
4473	61 66 
4474	27 47 
4475	10 
4476	43 
4477	10 
4478	83 
4479	102 
4480	34 
4481	13 
4482	47 
4483	21 
4484	77 
4485	49 
4486	66 
4487	49 103 
4488	14 
4489	83 
4490	66 
4491	33 
4492	3 
4493	32 43 
4494	22 102 
4495	23 
4496	18 
4497	75 
4498	80 
4499	1 
4500	28 
4501	3 47 
4502	82 
4503	42 
4504	100 
4505	27 
4506	91 
4507	23 
4508	80 
4509	57 
4510	83 
4511	81 
4512	113 
4513	58 67 
4514	36 
4515	116 
4516	16 
4517	15 
4518	67 
4519	31 
4520	51 
4521	38 55 
4522	45 
4523	76 
4524	82 
4525	9 
4526	62 
4527	28 
4528	92 
4529	91 
4530	63 
4531	5 
4532	27 
4533	18 85 
4534	10 
4535	33 
4536	46 
4537	92 
4538	44 
4539	21 89 
4540	76 
4541	113 
4542	113 
4543	93 
4544	43 
4545	26 
4546	86 
4547	71 
4548	49 
4549	42 54 
4550	26 
4551	62 
4552	23 
4553	85 
4554	70 82 
4555	59 
4556	48 
4557	46 
4558	45 
4559	94 
4560	7 
4561	66 91 
4562	93 
4563	4 
4564	77 
4565	23 73 
4566	45 
4567	105 
4568	72 98 
4569	30 32 
4570	12 
4571	30 55 
4572	10 
4573	39 
4574	85 
4575	10 
4576	103 
4577	71 
4578	32 
4579	114 
4580	80 
4581	32 98 
4582	63 
4583	10 
4584	15 
4585	12 
4586	41 
4587	49 
4588	101 
4589	70 
4590	69 
4591	19 
4592	52 
4593	97 
4594	106 
4595	15 46 
4596	32 
4597	69 
4598	68 
4599	71 
4600	48 
4601	61 
4602	69 
4603	57 
4604	16 
4605	34 
4606	10 
4607	14 
4608	44 103 
4609	74 
4610	13 
4611	112 
4612	106 
4613	75 
4614	34 
4615	99 
4616	60 
4617	45 67 
4618	33 
4619	45 
4620	33 
4621	28 
4622	34 
4623	19 
4624	105 
4625	62 
4626	23 
4627	110 
4628	48 
4629	72 
4630	69 
4631	84 
4632	56 
4633	28 
4634	6 
4635	66 
4636	55 
4637	1 
4638	115 
4639	53 
4640	10 
4641	52 
4642	27 
4643	51 
4644	14 
4645	76 
4646	10 
4647	17 
4648	23 
4649	42 
4650	92 
4651	34 
4652	38 
4653	26 
4654	44 79 
4655	30 
4656	102 
4657	37 
4658	93 
4659	81 
4660	83 
4661	7 
4662	116 
4663	50 
4664	1 
4665	85 
4666	43 
4667	72 
4668	62 92 
4669	43 
4670	99 
4671	34 
4672	80 
4673	19 
4674	16 
4675	55 
4676	57 
4677	62 
4678	61 83 
4679	76 
4680	86 
4681	62 
4682	39 
4683	95 
4684	44 
4685	34 
4686	38 
4687	111 
4688	96 
4689	7 61 
4690	28 
4691	45 
4692	21 
4693	54 
4694	54 
4695	21 
4696	93 
4697	57 
4698	10 
4699	24 
4700	16 
4701	84 
4702	115 
4703	63 
4704	1 
4705	46 
4706	50 
4707	115 
4708	83 
4709	101 
4710	104 
4711	112 
4712	86 
4713	88 
4714	95 
4715	65 
4716	104 
4717	16 
4718	31 
4719	44 
4720	63 
4721	103 
4722	111 
4723	108 
4724	114 
4725	91 
4726	9 
4727	72 
4728	53 
4729	21 
4730	52 87 
4731	53 
4732	81 
4733	46 89 
4734	58 
4735	44 94 
4736	30 
4737	112 
4738	93 
4739	59 
4740	59 
4741	115 
4742	15 
4743	75 
4744	82 
4745	30 
4746	80 
4747	101 
4748	111 
4749	21 
4750	37 
4751	67 
4752	65 
4753	44 
4754	6 
4755	53 81 
4756	5 
4757	50 
4758	116 
4759	77 
4760	12 
4761	16 
4762	82 
4763	78 
4764	32 
4765	116 
4766	39 
4767	36 
4768	20 90 
4769	100 
4770	98 
4771	19 
4772	30 
4773	5 67 
4774	45 76 
4775	57 58 
4776	46 83 
4777	76 
4778	8 
4779	94 
4780	47 
4781	13 
4782	41 
4783	29 
4784	37 
4785	5 
4786	20 55 
4787	116 
4788	71 
4789	90 
4790	116 
4791	56 
4792	109 
4793	19 
4794	43 
4795	22 
4796	113 
4797	77 
4798	92 
4799	112 
4800	23 
4801	99 
4802	100 
4803	45 
4804	39 
4805	39 57 
4806	21 
4807	34 
4808	85 
4809	20 69 
4810	7 
4811	95 
4812	92 
4813	77 
4814	85 
4815	95 
4816	52 
4817	70 
4818	54 
4819	7 
4820	97 
4821	56 
4822	45 
4823	34 
4824	54 
4825	94 
4826	95 
4827	53 
4828	52 
4829	86 
4830	34 
4831	39 
4832	9 
4833	54 92 
4834	10 
4835	27 
4836	110 
4837	115 
4838	86 
4839	57 
4840	39 73 
4841	53 
4842	51 
4843	10 
4844	83 
4845	72 
4846	3 
4847	83 
4848	80 
4849	20 
4850	33 
4851	112 
4852	20 
4853	72 
4854	76 
4855	31 
4856	17 
4857	46 
4858	9 
4859	54 
4860	112 
4861	70 
4862	113 
4863	45 
4864	75 
4865	54 
4866	46 
4867	49 
4868	73 
4869	4 
4870	6 
4871	93 
4872	81 
4873	18 28 
4874	56 
4875	92 
4876	23 
4877	51 
4878	103 
4879	98 
4880	102 
4881	21 
4882	4 
4883	18 85 
4884	34 
4885	22 35 
4886	80 
4887	75 
4888	27 30 
4889	61 
4890	15 
4891	32 
4892	19 
4893	85 
4894	20 
4895	53 
4896	53 
4897	58 
4898	49 
4899	55 
4900	113 
4901	30 
4902	42 
4903	31 
4904	97 
4905	13 
4906	15 
4907	83 
4908	114 
4909	71 
4910	53 
4911	72 
4912	38 
4913	19 
4914	67 
4915	33 45 
4916	75 
4917	70 
4918	83 
4919	29 
4920	70 
4921	6 
4922	39 
4923	52 
4924	7 
4925	53 
4926	44 
4927	49 
4928	92 
4929	49 
4930	43 
4931	30 
4932	15 
4933	94 
4934	52 
4935	77 
4936	93 
4937	35 114 
4938	30 
4939	67 
4940	16 55 
4941	7 
4942	32 
4943	114 
4944	93 
4945	31 
4946	34 46 
4947	100 
4948	20 
4949	7 
4950	39 
4951	22 
4952	39 
4953	49 
4954	2 
4955	38 
4956	91 
4957	34 
4958	112 
4959	83 
4960	67 
4961	114 
4962	115 
4963	56 
4964	54 
4965	83 
4966	9 
4967	91 
4968	98 
4969	73 
4970	91 
4971	77 
4972	10 
4973	22 
4974	23 
4975	32 
4976	93 
4977	20 
4978	40 
4979	17 
4980	27 75 
4981	19 
4982	95 98 
4983	53 
4984	17 
4985	38 
4986	111 
4987	30 
4988	85 
4989	39 
4990	92 
4991	95 
4992	85 106 
4993	35 
4994	4 
4995	4 
4996	15 
4997	77 
4998	113 
4999	50 
5000	22 44 
