community 1: 16 100 104 109 167 187 250 315 384 405 439 440 472 500 554 580 631 634 680 803 806 813 822 925 942 949 990 992 993 
community 2: 22 83 123 134 149 186 257 262 276 278 326 343 444 447 516 573 612 616 692 703 708 723 730 743 771 773 784 817 836 894 921 982 
community 3: 92 125 157 175 209 215 220 234 247 252 285 310 327 359 378 383 389 402 428 467 484 500 568 595 599 602 624 650 695 713 714 750 778 786 787 799 807 811 851 878 884 890 919 926 934 953 964 969 975 987 
community 4: 62 77 148 174 183 191 193 205 219 227 260 296 330 364 388 433 436 464 470 478 520 530 535 557 601 622 674 777 779 820 860 861 865 881 900 939 940 943 959 979 980 981 997 
community 5: 21 27 30 40 44 65 103 144 165 197 244 247 248 277 291 321 325 337 353 370 422 436 462 466 482 505 570 607 648 653 668 703 717 731 752 758 831 867 873 897 958 
community 6: 43 47 59 73 89 117 206 213 238 348 369 377 407 543 564 604 686 706 727 758 789 794 824 875 895 902 952 982 
community 7: 29 57 58 96 107 135 151 154 158 264 288 289 351 441 496 501 540 544 564 625 657 665 673 678 735 810 841 955 956 993 
community 8: 33 47 54 88 162 200 203 236 255 262 318 327 356 381 403 432 442 465 488 491 509 517 556 579 581 591 597 613 621 659 669 673 687 700 760 763 794 798 828 848 862 866 871 906 917 928 929 930 954 966 
community 9: 9 25 61 65 136 153 171 181 198 246 267 312 320 332 343 381 385 406 416 446 490 548 568 617 649 656 710 744 768 778 783 826 833 845 863 883 973 986 999 
community 10: 52 60 82 133 140 145 251 316 323 358 362 367 395 424 461 481 528 536 538 672 747 819 
community 11: 8 24 48 75 94 105 118 169 207 237 245 302 309 314 390 392 405 453 459 476 527 534 589 592 897 
community 12: 9 18 32 111 179 216 225 236 264 265 298 300 347 354 355 370 371 372 378 386 412 413 458 469 510 587 606 645 647 696 703 746 780 812 909 923 968 985 
community 13: 13 39 54 130 143 152 184 195 219 228 230 253 331 381 408 409 429 433 448 460 471 512 529 547 552 599 608 661 688 701 728 761 785 793 816 818 850 900 901 929 937 945 992 998 
community 14: 116 186 249 250 274 284 293 330 344 413 419 429 452 477 519 559 586 599 666 667 682 690 737 742 769 840 846 873 936 938 972 974 990 991 
community 15: 12 80 121 124 231 240 275 295 328 343 365 473 475 500 506 531 549 584 641 655 666 674 677 685 724 745 756 829 855 870 873 913 947 961 970 976 
community 16: 9 190 361 366 375 521 525 555 559 585 586 614 642 696 764 772 807 838 852 856 
community 17: 2 19 20 102 120 129 141 164 173 180 182 247 262 286 317 346 377 394 397 411 438 450 480 485 515 632 697 702 709 765 796 877 892 905 916 920 
community 18: 24 49 51 71 78 101 126 159 204 223 254 258 281 314 329 362 370 399 427 605 689 699 774 790 827 891 900 935 
community 19: 24 56 99 106 132 161 187 202 218 241 255 266 292 311 395 426 487 490 502 514 562 572 586 613 630 651 656 663 666 673 691 718 724 736 754 767 825 834 843 871 874 888 896 937 977 983 989 
community 20: 4 11 14 35 38 51 66 98 130 162 170 175 186 209 268 272 404 434 449 454 507 558 559 560 568 577 609 683 716 753 800 835 854 868 912 
community 21: 31 37 135 160 222 259 271 303 319 350 423 455 476 527 545 565 569 598 654 671 766 801 856 871 932 
community 22: 23 26 68 93 137 138 152 235 236 255 269 357 376 387 540 623 637 646 672 720 804 859 876 889 914 
community 23: 0 51 108 121 197 327 335 401 475 476 524 527 644 674 682 694 698 706 707 721 749 788 937 
community 24: 46 63 116 168 185 211 229 232 283 415 417 497 498 575 600 640 658 745 776 833 866 
community 25: 41 76 87 150 224 270 297 363 374 380 429 436 451 513 567 652 662 679 722 748 795 
community 26: 15 69 122 146 214 250 305 338 349 396 443 456 503 508 563 628 706 712 805 869 907 918 
community 27: 10 128 177 273 340 414 445 463 479 490 532 553 590 604 611 638 675 741 750 778 782 807 858 864 886 908 
community 28: 6 27 67 85 86 114 142 155 172 189 243 244 308 373 377 421 431 435 437 489 537 539 566 575 582 603 639 670 696 740 745 821 832 863 899 918 931 941 962 963 
community 29: 1 27 79 91 97 119 128 152 194 196 224 264 301 342 345 347 540 541 551 575 578 830 924 933 982 989 
community 30: 17 50 65 70 118 175 197 199 263 282 314 321 368 391 418 425 468 493 583 588 593 596 627 629 773 815 833 847 857 863 872 887 897 898 904 915 942 950 960 978 988 994 
community 31: 3 7 42 81 178 192 224 294 333 334 360 362 400 492 494 526 542 561 564 626 630 636 643 676 729 755 802 809 837 842 853 882 911 922 942 951 967 984 995 
community 32: 64 131 239 261 322 324 347 378 410 475 495 550 576 615 619 715 719 732 758 808 814 856 893 918 927 992 
community 33: 74 88 95 166 176 201 208 221 287 313 379 395 413 457 499 518 571 604 618 620 635 660 682 711 733 734 738 739 759 770 773 781 797 911 946 962 965 971 990 996 
community 34: 5 47 88 110 112 114 118 135 156 187 209 212 217 226 244 290 306 307 321 330 336 341 352 382 433 483 522 523 578 594 630 656 681 725 726 750 751 762 844 866 885 903 910 911 929 944 948 957 962 993 
community 35: 53 72 90 114 115 116 128 162 188 242 256 279 280 398 486 574 613 672 704 705 794 839 
community 36: 34 36 55 210 233 299 304 339 474 504 511 546 578 610 664 684 724 757 775 791 792 849 880 989 
community 37: 28 45 54 84 113 121 127 130 139 147 163 219 393 405 420 430 533 633 693 823 879 